[gd_scene load_steps=2 format=2]

[sub_resource type="CylinderShape" id=2]
radius = 0.644596
height = 10.0

[node name="ServerPropCollisions" type="Spatial"]

[node name="StaticBody" type="StaticBody" parent="."]
transform = Transform( 0.177652, 0.193196, -0.964943, -0.117163, 0.977718, 0.174184, 0.977094, 0.0821114, 0.196329, 121.225, 15.5773, 256.011 )

[node name="CollisionShape" type="CollisionShape" parent="StaticBody"]
transform = Transform( 1, 0, 0, 0, 1, 0, 0, 0, 1, 0, 4.95428, 0 )
shape = SubResource( 2 )

[node name="StaticBody2" type="StaticBody" parent="."]
transform = Transform( -0.735586, -0.230682, 0.636945, -0.13809, 0.971554, 0.192392, -0.663208, 0.0535651, -0.746516, -92.3881, 12.9696, -186.422 )

[node name="CollisionShape" type="CollisionShape" parent="StaticBody2"]
transform = Transform( 1, 0, 0, 0, 1, 0, 0, 0, 1, 0, 4.95428, 0 )
shape = SubResource( 2 )

[node name="StaticBody3" type="StaticBody" parent="."]
transform = Transform( -0.982826, 0.119193, -0.140873, 0.120332, 0.992734, 0.000440906, 0.139902, -0.0165181, -0.990028, -428.253, 17.3016, -221.708 )

[node name="CollisionShape" type="CollisionShape" parent="StaticBody3"]
transform = Transform( 1, 0, 0, 0, 1, 0, 0, 0, 1, 0, 4.95428, 0 )
shape = SubResource( 2 )

[node name="StaticBody4" type="StaticBody" parent="."]
transform = Transform( 0.953614, 0.135024, 0.26905, -0.0695206, 0.968384, -0.239582, -0.292893, 0.209764, 0.932852, 253.033, 10.4006, 246.508 )

[node name="CollisionShape" type="CollisionShape" parent="StaticBody4"]
transform = Transform( 1, 0, 0, 0, 1, 0, 0, 0, 1, 0, 4.95428, 0 )
shape = SubResource( 2 )

[node name="StaticBody5" type="StaticBody" parent="."]
transform = Transform( -0.779669, -0.0603314, 0.623278, -0.16775, 0.979091, -0.115068, -0.603304, -0.19427, -0.773488, 249.074, 13.9883, -131.585 )

[node name="CollisionShape" type="CollisionShape" parent="StaticBody5"]
transform = Transform( 1, 0, 0, 0, 1, 0, 0, 0, 1, 0, 4.95428, 0 )
shape = SubResource( 2 )

[node name="StaticBody6" type="StaticBody" parent="."]
transform = Transform( 0.974938, -0.215689, -0.0545358, 0.221105, 0.966545, 0.130014, 0.0246687, -0.138813, 0.990011, -370.984, 14.8689, -134.305 )

[node name="CollisionShape" type="CollisionShape" parent="StaticBody6"]
transform = Transform( 1, 0, 0, 0, 1, 0, 0, 0, 1, 0, 4.95428, 0 )
shape = SubResource( 2 )

[node name="StaticBody7" type="StaticBody" parent="."]
transform = Transform( 0.668983, 0.0667415, 0.740275, -0.00228627, 0.99614, -0.0877437, -0.743274, 0.0570065, 0.666553, -472.289, 19.2129, 358.557 )

[node name="CollisionShape" type="CollisionShape" parent="StaticBody7"]
transform = Transform( 1, 0, 0, 0, 1, 0, 0, 0, 1, 0, 4.95428, 0 )
shape = SubResource( 2 )

[node name="StaticBody8" type="StaticBody" parent="."]
transform = Transform( 0.145449, 0.189784, -0.970992, -0.170165, 0.971603, 0.164414, 0.974622, 0.141315, 0.173613, -152.204, 17.763, -36.7993 )

[node name="CollisionShape" type="CollisionShape" parent="StaticBody8"]
transform = Transform( 1, 0, 0, 0, 1, 0, 0, 0, 1, 0, 4.95428, 0 )
shape = SubResource( 2 )

[node name="StaticBody9" type="StaticBody" parent="."]
transform = Transform( -0.288681, -0.163473, -0.943366, -0.119076, 0.983796, -0.134041, 0.949992, 0.0736369, -0.303468, -192.227, 36.595, 372.657 )

[node name="CollisionShape" type="CollisionShape" parent="StaticBody9"]
transform = Transform( 1, 0, 0, 0, 1, 0, 0, 0, 1, 0, 4.95428, 0 )
shape = SubResource( 2 )

[node name="StaticBody10" type="StaticBody" parent="."]
transform = Transform( -0.995802, -0.0797943, -0.0448504, -0.079813, 0.996809, -0.00137594, 0.0448171, 0.00220948, -0.998993, -284.963, 13.7164, -289.707 )

[node name="CollisionShape" type="CollisionShape" parent="StaticBody10"]
transform = Transform( 1, 0, 0, 0, 1, 0, 0, 0, 1, 0, 4.95428, 0 )
shape = SubResource( 2 )

[node name="StaticBody11" type="StaticBody" parent="."]
transform = Transform( 0.989949, -0.110351, -0.0884494, 0.123725, 0.978721, 0.163696, 0.0685033, -0.172994, 0.982538, 192.325, 27.5593, 419.303 )

[node name="CollisionShape" type="CollisionShape" parent="StaticBody11"]
transform = Transform( 1, 0, 0, 0, 1, 0, 0, 0, 1, 0, 4.95428, 0 )
shape = SubResource( 2 )

[node name="StaticBody12" type="StaticBody" parent="."]
transform = Transform( -0.692257, -0.0384504, -0.720626, 0.0144251, 0.997643, -0.0670884, 0.721506, -0.0568376, -0.690071, -47.5973, 23.1849, 146.241 )

[node name="CollisionShape" type="CollisionShape" parent="StaticBody12"]
transform = Transform( 1, 0, 0, 0, 1, 0, 0, 0, 1, 0, 4.95428, 0 )
shape = SubResource( 2 )

[node name="StaticBody13" type="StaticBody" parent="."]
transform = Transform( -0.993725, 0.0664695, -0.0899568, 0.0651042, 0.997716, 0.0180303, 0.0909498, 0.0120605, -0.995782, -51.1418, 16.8355, -376.26 )

[node name="CollisionShape" type="CollisionShape" parent="StaticBody13"]
transform = Transform( 1, 0, 0, 0, 1, 0, 0, 0, 1, 0, 4.95428, 0 )
shape = SubResource( 2 )

[node name="StaticBody14" type="StaticBody" parent="."]
transform = Transform( -0.481192, 0.104338, -0.870384, 0.255712, 0.966416, -0.0255203, 0.83849, -0.234847, -0.491712, -218.127, 19.765, -290.919 )

[node name="CollisionShape" type="CollisionShape" parent="StaticBody14"]
transform = Transform( 1, 0, 0, 0, 1, 0, 0, 0, 1, 0, 4.95428, 0 )
shape = SubResource( 2 )

[node name="StaticBody15" type="StaticBody" parent="."]
transform = Transform( -0.877152, -0.0588069, -0.476598, -0.0560128, 0.998228, -0.0200818, 0.476934, 0.00908083, -0.878892, -314.952, 9.3082, -65.3722 )

[node name="CollisionShape" type="CollisionShape" parent="StaticBody15"]
transform = Transform( 1, 0, 0, 0, 1, 0, 0, 0, 1, 0, 4.95428, 0 )
shape = SubResource( 2 )

[node name="StaticBody16" type="StaticBody" parent="."]
transform = Transform( 0.906309, 0.0452177, -0.42019, -0.138823, 0.97094, -0.194943, 0.399165, 0.235011, 0.886249, -311.238, 13.9414, 348.742 )

[node name="CollisionShape" type="CollisionShape" parent="StaticBody16"]
transform = Transform( 1, 0, 0, 0, 1, 0, 0, 0, 1, 0, 4.95428, 0 )
shape = SubResource( 2 )

[node name="StaticBody17" type="StaticBody" parent="."]
transform = Transform( 0.289024, -0.119295, 0.94986, 0.110813, 0.989705, 0.0905807, -0.950887, 0.0790764, 0.299268, -384.926, 18.4242, -293.621 )

[node name="CollisionShape" type="CollisionShape" parent="StaticBody17"]
transform = Transform( 1, 0, 0, 0, 1, 0, 0, 0, 1, 0, 4.95428, 0 )
shape = SubResource( 2 )

[node name="StaticBody18" type="StaticBody" parent="."]
transform = Transform( 0.785174, -0.105373, 0.610245, 0.138999, 0.990261, -0.0078516, -0.603475, 0.0909883, 0.792174, 426.427, 16.041, -245.665 )

[node name="CollisionShape" type="CollisionShape" parent="StaticBody18"]
transform = Transform( 1, 0, 0, 0, 1, 0, 0, 0, 1, 0, 4.95428, 0 )
shape = SubResource( 2 )

[node name="StaticBody19" type="StaticBody" parent="."]
transform = Transform( 0.88291, 0.107098, -0.457166, -0.200681, 0.966303, -0.161199, 0.424497, 0.234068, 0.874651, -249.428, 18.0062, 453.225 )

[node name="CollisionShape" type="CollisionShape" parent="StaticBody19"]
transform = Transform( 1, 0, 0, 0, 1, 0, 0, 0, 1, 0, 4.95428, 0 )
shape = SubResource( 2 )

[node name="StaticBody20" type="StaticBody" parent="."]
transform = Transform( -0.648931, 0.197093, 0.734876, 0.00151108, 0.966197, -0.257799, -0.760846, -0.166183, -0.627293, -243.922, 22.5981, 245.633 )

[node name="CollisionShape" type="CollisionShape" parent="StaticBody20"]
transform = Transform( 1, 0, 0, 0, 1, 0, 0, 0, 1, 0, 4.95428, 0 )
shape = SubResource( 2 )

[node name="StaticBody21" type="StaticBody" parent="."]
transform = Transform( -0.961196, -0.0513512, 0.271044, -0.113923, 0.968717, -0.220473, -0.251243, -0.242796, -0.936978, -372.283, 13.9802, 286.819 )

[node name="CollisionShape" type="CollisionShape" parent="StaticBody21"]
transform = Transform( 1, 0, 0, 0, 1, 0, 0, 0, 1, 0, 4.95428, 0 )
shape = SubResource( 2 )

[node name="StaticBody22" type="StaticBody" parent="."]
transform = Transform( -0.484839, 0.160765, 0.859701, -0.113802, 0.963008, -0.244264, -0.867168, -0.216264, -0.448608, -113.581, 25.9026, -405.825 )

[node name="CollisionShape" type="CollisionShape" parent="StaticBody22"]
transform = Transform( 1, 0, 0, 0, 1, 0, 0, 0, 1, 0, 4.95428, 0 )
shape = SubResource( 2 )

[node name="StaticBody23" type="StaticBody" parent="."]
transform = Transform( -0.94626, -0.0730516, -0.315047, -0.0224012, 0.98662, -0.16149, 0.322629, -0.145754, -0.935236, -215.021, 26.8975, -28.388 )

[node name="CollisionShape" type="CollisionShape" parent="StaticBody23"]
transform = Transform( 1, 0, 0, 0, 1, 0, 0, 0, 1, 0, 4.95428, 0 )
shape = SubResource( 2 )

[node name="StaticBody24" type="StaticBody" parent="."]
transform = Transform( -0.799245, 0.168516, -0.576896, 0.0363024, 0.97167, 0.233539, 0.599908, 0.165712, -0.78272, 160.357, 9.71211, 296.861 )

[node name="CollisionShape" type="CollisionShape" parent="StaticBody24"]
transform = Transform( 1, 0, 0, 0, 1, 0, 0, 0, 1, 0, 4.95428, 0 )
shape = SubResource( 2 )

[node name="StaticBody25" type="StaticBody" parent="."]
transform = Transform( -0.943169, -0.15216, 0.295433, -0.104119, 0.979559, 0.172114, -0.315583, 0.131572, -0.939732, 125.716, 7.48289, 431.101 )

[node name="CollisionShape" type="CollisionShape" parent="StaticBody25"]
transform = Transform( 1, 0, 0, 0, 1, 0, 0, 0, 1, 0, 4.95428, 0 )
shape = SubResource( 2 )

[node name="StaticBody26" type="StaticBody" parent="."]
transform = Transform( 0.972773, -0.20687, -0.104483, 0.216931, 0.971421, 0.0963424, 0.0815665, -0.116385, 0.989849, -56.426, 25.906, -130.718 )

[node name="CollisionShape" type="CollisionShape" parent="StaticBody26"]
transform = Transform( 1, 0, 0, 0, 1, 0, 0, 0, 1, 0, 4.95428, 0 )
shape = SubResource( 2 )

[node name="StaticBody27" type="StaticBody" parent="."]
transform = Transform( 0.750654, -0.306178, 0.585469, 0.191179, 0.94889, 0.251115, -0.632431, -0.0765717, 0.770823, -283.118, 13.1931, 125.499 )

[node name="CollisionShape" type="CollisionShape" parent="StaticBody27"]
transform = Transform( 1, 0, 0, 0, 1, 0, 0, 0, 1, 0, 4.95428, 0 )
shape = SubResource( 2 )

[node name="StaticBody28" type="StaticBody" parent="."]
transform = Transform( 0.576113, -0.067091, 0.814612, -0.111381, 0.980885, 0.159557, -0.809745, -0.182655, 0.557628, -408.553, 31.6039, -375.983 )

[node name="CollisionShape" type="CollisionShape" parent="StaticBody28"]
transform = Transform( 1, 0, 0, 0, 1, 0, 0, 0, 1, 0, 4.95428, 0 )
shape = SubResource( 2 )

[node name="StaticBody29" type="StaticBody" parent="."]
transform = Transform( -0.562791, 0.212873, 0.798719, 0.161816, 0.975947, -0.14609, -0.810606, 0.0470274, -0.583701, -419.825, 15.8892, 101.007 )

[node name="CollisionShape" type="CollisionShape" parent="StaticBody29"]
transform = Transform( 1, 0, 0, 0, 1, 0, 0, 0, 1, 0, 4.95428, 0 )
shape = SubResource( 2 )

[node name="StaticBody30" type="StaticBody" parent="."]
transform = Transform( -0.961307, -0.13574, 0.239715, -0.0955816, 0.980467, 0.171894, -0.258366, 0.142331, -0.955505, -87.3827, 22.6745, 336.273 )

[node name="CollisionShape" type="CollisionShape" parent="StaticBody30"]
transform = Transform( 1, 0, 0, 0, 1, 0, 0, 0, 1, 0, 4.95428, 0 )
shape = SubResource( 2 )

[node name="StaticBody31" type="StaticBody" parent="."]
transform = Transform( 0.721111, -0.128815, 0.680739, 0.190911, 0.981468, -0.0165127, -0.665997, 0.141868, 0.73234, -407.352, 22.6305, 268.369 )

[node name="CollisionShape" type="CollisionShape" parent="StaticBody31"]
transform = Transform( 1, 0, 0, 0, 1, 0, 0, 0, 1, 0, 4.95428, 0 )
shape = SubResource( 2 )

[node name="StaticBody32" type="StaticBody" parent="."]
transform = Transform( -0.419691, -0.107474, -0.901282, 0.224478, 0.949829, -0.217794, 0.879471, -0.293725, -0.37451, -86.7894, 14.9378, -445.135 )

[node name="CollisionShape" type="CollisionShape" parent="StaticBody32"]
transform = Transform( 1, 0, 0, 0, 1, 0, 0, 0, 1, 0, 4.95428, 0 )
shape = SubResource( 2 )

[node name="StaticBody33" type="StaticBody" parent="."]
transform = Transform( 0.895135, -0.181324, 0.407254, 0.203084, 0.979106, -0.0104395, -0.396851, 0.0920513, 0.913255, 472.87, 23.4021, -406.336 )

[node name="CollisionShape" type="CollisionShape" parent="StaticBody33"]
transform = Transform( 1, 0, 0, 0, 1, 0, 0, 0, 1, 0, 4.95428, 0 )
shape = SubResource( 2 )

[node name="StaticBody34" type="StaticBody" parent="."]
transform = Transform( -0.800073, 0.169725, 0.575393, 0.213895, 0.976813, 0.00928335, -0.560475, 0.130501, -0.817824, -164.896, 9.50739, 48.0284 )

[node name="CollisionShape" type="CollisionShape" parent="StaticBody34"]
transform = Transform( 1, 0, 0, 0, 1, 0, 0, 0, 1, 0, 4.95428, 0 )
shape = SubResource( 2 )

[node name="StaticBody35" type="StaticBody" parent="."]
transform = Transform( -0.932765, 0.273788, -0.234499, 0.230693, 0.953224, 0.195306, 0.277003, 0.128077, -0.952295, -133.042, 20.6796, -101.959 )

[node name="CollisionShape" type="CollisionShape" parent="StaticBody35"]
transform = Transform( 1, 0, 0, 0, 1, 0, 0, 0, 1, 0, 4.95428, 0 )
shape = SubResource( 2 )

[node name="StaticBody36" type="StaticBody" parent="."]
transform = Transform( -0.777271, 0.0297761, 0.628461, -0.0957297, 0.981652, -0.164907, -0.621841, -0.18834, -0.760159, 157.619, 2.54239, -251.445 )

[node name="CollisionShape" type="CollisionShape" parent="StaticBody36"]
transform = Transform( 1, 0, 0, 0, 1, 0, 0, 0, 1, 0, 4.95428, 0 )
shape = SubResource( 2 )

[node name="StaticBody37" type="StaticBody" parent="."]
transform = Transform( 0.175254, 0.146542, -0.973556, 0.0804932, 0.983417, 0.162516, 0.981227, -0.106846, 0.160552, -88.3896, 9.8827, -23.5812 )

[node name="CollisionShape" type="CollisionShape" parent="StaticBody37"]
transform = Transform( 1, 0, 0, 0, 1, 0, 0, 0, 1, 0, 4.95428, 0 )
shape = SubResource( 2 )

[node name="StaticBody38" type="StaticBody" parent="."]
transform = Transform( 0.926526, -0.142553, -0.348178, 0.137482, 0.989722, -0.0393674, 0.350212, -0.0113933, 0.936601, -23.2992, 15.0871, -188.928 )

[node name="CollisionShape" type="CollisionShape" parent="StaticBody38"]
transform = Transform( 1, 0, 0, 0, 1, 0, 0, 0, 1, 0, 4.95428, 0 )
shape = SubResource( 2 )

[node name="StaticBody39" type="StaticBody" parent="."]
transform = Transform( -0.696801, 0.129307, -0.705512, 0.144906, 0.988712, 0.0380962, 0.702474, -0.0756872, -0.707673, 226.246, 10.1019, 20.9843 )

[node name="CollisionShape" type="CollisionShape" parent="StaticBody39"]
transform = Transform( 1, 0, 0, 0, 1, 0, 0, 0, 1, 0, 4.95428, 0 )
shape = SubResource( 2 )

[node name="StaticBody40" type="StaticBody" parent="."]
transform = Transform( -0.700131, 0.133497, -0.701424, -0.0218816, 0.977893, 0.207957, 0.713679, 0.160946, -0.681732, -227.172, 18.2594, -283.719 )

[node name="CollisionShape" type="CollisionShape" parent="StaticBody40"]
transform = Transform( 1, 0, 0, 0, 1, 0, 0, 0, 1, 0, 4.95428, 0 )
shape = SubResource( 2 )

[node name="StaticBody41" type="StaticBody" parent="."]
transform = Transform( -0.87196, -0.227078, -0.433729, -0.186942, 0.973229, -0.133707, 0.45248, -0.0355049, -0.891067, -309.18, 20.2625, 63.124 )

[node name="CollisionShape" type="CollisionShape" parent="StaticBody41"]
transform = Transform( 1, 0, 0, 0, 1, 0, 0, 0, 1, 0, 4.95428, 0 )
shape = SubResource( 2 )

[node name="StaticBody42" type="StaticBody" parent="."]
transform = Transform( -0.96559, -0.131267, 0.224509, -0.170088, 0.971799, -0.163333, -0.196737, -0.195899, -0.960686, -123.042, 8.46427, 10.749 )

[node name="CollisionShape" type="CollisionShape" parent="StaticBody42"]
transform = Transform( 1, 0, 0, 0, 1, 0, 0, 0, 1, 0, 4.95428, 0 )
shape = SubResource( 2 )

[node name="StaticBody43" type="StaticBody" parent="."]
transform = Transform( -0.921273, 0.0349978, 0.387338, -0.0392422, 0.982495, -0.18211, -0.386931, -0.182973, -0.903773, -223.387, 21.6035, 454.729 )

[node name="CollisionShape" type="CollisionShape" parent="StaticBody43"]
transform = Transform( 1, 0, 0, 0, 1, 0, 0, 0, 1, 0, 4.95428, 0 )
shape = SubResource( 2 )

[node name="StaticBody44" type="StaticBody" parent="."]
transform = Transform( -0.715956, 0.0890047, 0.692449, 0.101947, 0.994537, -0.0224264, -0.690662, 0.0545365, -0.721119, 91.2403, 9.88209, 406.843 )

[node name="CollisionShape" type="CollisionShape" parent="StaticBody44"]
transform = Transform( 1, 0, 0, 0, 1, 0, 0, 0, 1, 0, 4.95428, 0 )
shape = SubResource( 2 )

[node name="StaticBody45" type="StaticBody" parent="."]
transform = Transform( -0.950945, 0.202449, -0.233917, 0.207541, 0.978222, 0.00290584, 0.229411, -0.0457842, -0.972252, 348.801, 14.225, 185.267 )

[node name="CollisionShape" type="CollisionShape" parent="StaticBody45"]
transform = Transform( 1, 0, 0, 0, 1, 0, 0, 0, 1, 0, 4.95428, 0 )
shape = SubResource( 2 )

[node name="StaticBody46" type="StaticBody" parent="."]
transform = Transform( -0.840687, -0.0549554, 0.538726, -0.0184643, 0.997168, 0.0729073, -0.541207, 0.051345, -0.83932, -3.42597, 16.2975, -416.169 )

[node name="CollisionShape" type="CollisionShape" parent="StaticBody46"]
transform = Transform( 1, 0, 0, 0, 1, 0, 0, 0, 1, 0, 4.95428, 0 )
shape = SubResource( 2 )

[node name="StaticBody47" type="StaticBody" parent="."]
transform = Transform( -0.670275, -0.035449, -0.741266, -0.180867, 0.976542, 0.116845, 0.719735, 0.212389, -0.660963, -464.674, 12.9414, 337.049 )

[node name="CollisionShape" type="CollisionShape" parent="StaticBody47"]
transform = Transform( 1, 0, 0, 0, 1, 0, 0, 0, 1, 0, 4.95428, 0 )
shape = SubResource( 2 )

[node name="StaticBody48" type="StaticBody" parent="."]
transform = Transform( 0.0936278, -0.0555752, -0.994055, 0.0765236, 0.995889, -0.0484701, 0.992662, -0.0715306, 0.0974957, 40.9002, 26.2612, 64.307 )

[node name="CollisionShape" type="CollisionShape" parent="StaticBody48"]
transform = Transform( 1, 0, 0, 0, 1, 0, 0, 0, 1, 0, 4.95428, 0 )
shape = SubResource( 2 )

[node name="StaticBody49" type="StaticBody" parent="."]
transform = Transform( -0.362024, -0.00136071, 0.932168, 0.125244, 0.990861, 0.0500871, -0.923717, 0.134881, -0.358545, 345.49, 9.54052, -224.523 )

[node name="CollisionShape" type="CollisionShape" parent="StaticBody49"]
transform = Transform( 1, 0, 0, 0, 1, 0, 0, 0, 1, 0, 4.95428, 0 )
shape = SubResource( 2 )

[node name="StaticBody50" type="StaticBody" parent="."]
transform = Transform( 0.0655654, -0.184751, -0.980596, 0.0406075, 0.98239, -0.182374, 0.997022, -0.0278622, 0.0719131, 420.572, 3.46893, -47.439 )

[node name="CollisionShape" type="CollisionShape" parent="StaticBody50"]
transform = Transform( 1, 0, 0, 0, 1, 0, 0, 0, 1, 0, 4.95428, 0 )
shape = SubResource( 2 )

[node name="StaticBody51" type="StaticBody" parent="."]
transform = Transform( -0.978049, 0.173762, 0.115008, 0.163995, 0.982383, -0.0896067, -0.128553, -0.0687789, -0.989315, 74.7555, 13.3499, 35.5968 )

[node name="CollisionShape" type="CollisionShape" parent="StaticBody51"]
transform = Transform( 1, 0, 0, 0, 1, 0, 0, 0, 1, 0, 4.95428, 0 )
shape = SubResource( 2 )

[node name="StaticBody52" type="StaticBody" parent="."]
transform = Transform( 0.688894, -0.17547, 0.703303, 0.108978, 0.984301, 0.138832, -0.716623, -0.0189959, 0.697202, -283.14, 17.2719, 106.064 )

[node name="CollisionShape" type="CollisionShape" parent="StaticBody52"]
transform = Transform( 1, 0, 0, 0, 1, 0, 0, 0, 1, 0, 4.95428, 0 )
shape = SubResource( 2 )

[node name="StaticBody53" type="StaticBody" parent="."]
transform = Transform( -0.556164, -0.0165372, -0.830908, 0.120697, 0.987595, -0.100444, 0.822261, -0.156151, -0.547268, 207.789, 12.6818, -10.3283 )

[node name="CollisionShape" type="CollisionShape" parent="StaticBody53"]
transform = Transform( 1, 0, 0, 0, 1, 0, 0, 0, 1, 0, 4.95428, 0 )
shape = SubResource( 2 )

[node name="StaticBody54" type="StaticBody" parent="."]
transform = Transform( -0.587504, -0.144441, 0.796226, 0.0460097, 0.976387, 0.211072, -0.807912, 0.16064, -0.566986, 143.972, 30.9828, -494.229 )

[node name="CollisionShape" type="CollisionShape" parent="StaticBody54"]
transform = Transform( 1, 0, 0, 0, 1, 0, 0, 0, 1, 0, 4.95428, 0 )
shape = SubResource( 2 )

[node name="StaticBody55" type="StaticBody" parent="."]
transform = Transform( 0.196615, 0.0663441, -0.978234, -0.173349, 0.984343, 0.0319172, 0.965035, 0.1633, 0.205037, 96.905, 13.0302, -351.529 )

[node name="CollisionShape" type="CollisionShape" parent="StaticBody55"]
transform = Transform( 1, 0, 0, 0, 1, 0, 0, 0, 1, 0, 4.95428, 0 )
shape = SubResource( 2 )

[node name="StaticBody56" type="StaticBody" parent="."]
transform = Transform( 0.207644, 0.104432, 0.972614, -0.0655125, 0.993537, -0.0926927, -0.976008, -0.0444713, 0.213144, 213.933, 4.31079, -300.915 )

[node name="CollisionShape" type="CollisionShape" parent="StaticBody56"]
transform = Transform( 1, 0, 0, 0, 1, 0, 0, 0, 1, 0, 4.95428, 0 )
shape = SubResource( 2 )

[node name="StaticBody57" type="StaticBody" parent="."]
transform = Transform( -0.508962, 0.335145, -0.792865, 0.226644, 0.940766, 0.252174, 0.830416, -0.0513512, -0.554773, -61.1661, 23.494, -75.5541 )

[node name="CollisionShape" type="CollisionShape" parent="StaticBody57"]
transform = Transform( 1, 0, 0, 0, 1, 0, 0, 0, 1, 0, 4.95428, 0 )
shape = SubResource( 2 )

[node name="StaticBody58" type="StaticBody" parent="."]
transform = Transform( -0.141969, -0.187277, -0.971994, 0.0740627, 0.977178, -0.199094, 0.987096, -0.100254, -0.124859, 337.039, 4.84999, 1.35318 )

[node name="CollisionShape" type="CollisionShape" parent="StaticBody58"]
transform = Transform( 1, 0, 0, 0, 1, 0, 0, 0, 1, 0, 4.95428, 0 )
shape = SubResource( 2 )

[node name="StaticBody59" type="StaticBody" parent="."]
transform = Transform( 0.93141, -0.236064, -0.277035, 0.16553, 0.952612, -0.255205, 0.324152, 0.191843, 0.926349, 206.239, 20.6961, 70.0438 )

[node name="CollisionShape" type="CollisionShape" parent="StaticBody59"]
transform = Transform( 1, 0, 0, 0, 1, 0, 0, 0, 1, 0, 4.95428, 0 )
shape = SubResource( 2 )

[node name="StaticBody60" type="StaticBody" parent="."]
transform = Transform( 0.892826, -0.128608, 0.43165, 0.168935, 0.984021, -0.0562392, -0.41752, 0.123132, 0.900286, -443.439, 10.527, 101.324 )

[node name="CollisionShape" type="CollisionShape" parent="StaticBody60"]
transform = Transform( 1, 0, 0, 0, 1, 0, 0, 0, 1, 0, 4.95428, 0 )
shape = SubResource( 2 )

[node name="StaticBody61" type="StaticBody" parent="."]
transform = Transform( 0.552489, 0.0872597, 0.82894, -0.204741, 0.978243, 0.0334836, -0.807984, -0.188217, 0.558334, 222.14, 6.05115, -339.369 )

[node name="CollisionShape" type="CollisionShape" parent="StaticBody61"]
transform = Transform( 1, 0, 0, 0, 1, 0, 0, 0, 1, 0, 4.95428, 0 )
shape = SubResource( 2 )

[node name="StaticBody62" type="StaticBody" parent="."]
transform = Transform( -0.277884, -0.00384653, 0.960607, -0.175171, 0.983428, -0.0467356, -0.944508, -0.181258, -0.273953, 52.1417, 17.4748, 341.005 )

[node name="CollisionShape" type="CollisionShape" parent="StaticBody62"]
transform = Transform( 1, 0, 0, 0, 1, 0, 0, 0, 1, 0, 4.95428, 0 )
shape = SubResource( 2 )

[node name="StaticBody63" type="StaticBody" parent="."]
transform = Transform( 0.0623113, -0.15836, 0.985413, -0.149446, 0.97472, 0.166092, -0.986804, -0.157616, 0.0370697, 169.541, 9.55373, 346.479 )

[node name="CollisionShape" type="CollisionShape" parent="StaticBody63"]
transform = Transform( 1, 0, 0, 0, 1, 0, 0, 0, 1, 0, 4.95428, 0 )
shape = SubResource( 2 )

[node name="StaticBody64" type="StaticBody" parent="."]
transform = Transform( -0.981705, -0.159764, -0.103592, -0.140192, 0.974618, -0.174544, 0.128849, -0.156828, -0.979185, -378.324, 17.2603, -309.783 )

[node name="CollisionShape" type="CollisionShape" parent="StaticBody64"]
transform = Transform( 1, 0, 0, 0, 1, 0, 0, 0, 1, 0, 4.95428, 0 )
shape = SubResource( 2 )

[node name="StaticBody65" type="StaticBody" parent="."]
transform = Transform( -0.157002, 0.127047, 0.979392, -0.0861389, 0.98615, -0.141732, -0.983835, -0.106616, -0.143884, 356.65, 16.6054, 318.223 )

[node name="CollisionShape" type="CollisionShape" parent="StaticBody65"]
transform = Transform( 1, 0, 0, 0, 1, 0, 0, 0, 1, 0, 4.95428, 0 )
shape = SubResource( 2 )

[node name="StaticBody66" type="StaticBody" parent="."]
transform = Transform( 0.374543, -0.057169, -0.925445, -0.107115, 0.988747, -0.104431, 0.921002, 0.138243, 0.364205, -424.556, 17.2417, -331.546 )

[node name="CollisionShape" type="CollisionShape" parent="StaticBody66"]
transform = Transform( 1, 0, 0, 0, 1, 0, 0, 0, 1, 0, 4.95428, 0 )
shape = SubResource( 2 )

[node name="StaticBody67" type="StaticBody" parent="."]
transform = Transform( -0.513589, 0.269523, 0.814606, 0.180688, 0.962068, -0.204394, -0.838796, 0.042215, -0.542807, -163.781, 28.4333, 427.778 )

[node name="CollisionShape" type="CollisionShape" parent="StaticBody67"]
transform = Transform( 1, 0, 0, 0, 1, 0, 0, 0, 1, 0, 4.95428, 0 )
shape = SubResource( 2 )

[node name="StaticBody68" type="StaticBody" parent="."]
transform = Transform( -0.588397, -0.0829132, -0.80431, 0.174762, 0.958175, -0.226623, 0.78946, -0.273907, -0.549297, -488.263, 13.9468, -49.0651 )

[node name="CollisionShape" type="CollisionShape" parent="StaticBody68"]
transform = Transform( 1, 0, 0, 0, 1, 0, 0, 0, 1, 0, 4.95428, 0 )
shape = SubResource( 2 )

[node name="StaticBody69" type="StaticBody" parent="."]
transform = Transform( -0.75725, 0.341907, 0.556482, 0.235681, 0.93767, -0.255401, -0.60912, -0.0622505, -0.790631, 395.947, 16.5543, 95.6095 )

[node name="CollisionShape" type="CollisionShape" parent="StaticBody69"]
transform = Transform( 1, 0, 0, 0, 1, 0, 0, 0, 1, 0, 4.95428, 0 )
shape = SubResource( 2 )

[node name="StaticBody70" type="StaticBody" parent="."]
transform = Transform( 0.924598, 0.00794418, 0.380861, 0.0817812, 0.972333, -0.218818, -0.372062, 0.233466, 0.898367, 157.87, 10.2215, -413.32 )

[node name="CollisionShape" type="CollisionShape" parent="StaticBody70"]
transform = Transform( 1, 0, 0, 0, 1, 0, 0, 0, 1, 0, 4.95428, 0 )
shape = SubResource( 2 )

[node name="StaticBody71" type="StaticBody" parent="."]
transform = Transform( 0.966653, -0.230011, 0.112588, 0.235528, 0.971114, -0.0382522, -0.100537, 0.0634943, 0.992905, -347.995, 13.6091, -263.119 )

[node name="CollisionShape" type="CollisionShape" parent="StaticBody71"]
transform = Transform( 1, 0, 0, 0, 1, 0, 0, 0, 1, 0, 4.95428, 0 )
shape = SubResource( 2 )

[node name="StaticBody72" type="StaticBody" parent="."]
transform = Transform( -0.958292, 0.165636, -0.232898, 0.170583, 0.985343, -0.00111851, 0.229299, -0.0408004, -0.972501, -116.533, 17.5216, 467.262 )

[node name="CollisionShape" type="CollisionShape" parent="StaticBody72"]
transform = Transform( 1, 0, 0, 0, 1, 0, 0, 0, 1, 0, 4.95428, 0 )
shape = SubResource( 2 )

[node name="StaticBody73" type="StaticBody" parent="."]
transform = Transform( 0.679879, 0.0817708, 0.728751, 0.091793, 0.976458, -0.195202, -0.727556, 0.199608, 0.656367, 65.4572, 15.7514, 474.63 )

[node name="CollisionShape" type="CollisionShape" parent="StaticBody73"]
transform = Transform( 1, 0, 0, 0, 1, 0, 0, 0, 1, 0, 4.95428, 0 )
shape = SubResource( 2 )

[node name="StaticBody74" type="StaticBody" parent="."]
transform = Transform( 0.190908, 0.191852, 0.962677, -0.0253652, 0.981351, -0.190543, -0.98128, 0.0119577, 0.192214, 262.717, 24.2658, 103.214 )

[node name="CollisionShape" type="CollisionShape" parent="StaticBody74"]
transform = Transform( 1, 0, 0, 0, 1, 0, 0, 0, 1, 0, 4.95428, 0 )
shape = SubResource( 2 )

[node name="StaticBody75" type="StaticBody" parent="."]
transform = Transform( -0.612237, -0.161991, 0.773903, -0.153527, 0.984515, 0.0846194, -0.775626, -0.0670079, -0.627626, -53.0635, 21.1868, -160.992 )

[node name="CollisionShape" type="CollisionShape" parent="StaticBody75"]
transform = Transform( 1, 0, 0, 0, 1, 0, 0, 0, 1, 0, 4.95428, 0 )
shape = SubResource( 2 )

[node name="StaticBody76" type="StaticBody" parent="."]
transform = Transform( 0.254653, 0.0253899, -0.966699, -0.0145053, 0.999643, 0.022434, 0.966924, 0.00830938, 0.254931, -349.046, 24.712, 238.667 )

[node name="CollisionShape" type="CollisionShape" parent="StaticBody76"]
transform = Transform( 1, 0, 0, 0, 1, 0, 0, 0, 1, 0, 4.95428, 0 )
shape = SubResource( 2 )

[node name="StaticBody77" type="StaticBody" parent="."]
transform = Transform( -0.972338, 0.110306, 0.205893, 0.106843, 0.993884, -0.0279003, -0.207711, -0.00513036, -0.978177, 423.923, 13.2366, 221.594 )

[node name="CollisionShape" type="CollisionShape" parent="StaticBody77"]
transform = Transform( 1, 0, 0, 0, 1, 0, 0, 0, 1, 0, 4.95428, 0 )
shape = SubResource( 2 )

[node name="StaticBody78" type="StaticBody" parent="."]
transform = Transform( 0.117655, 0.232081, 0.965555, -0.180163, 0.961161, -0.209072, -0.976575, -0.149359, 0.154898, -15.1524, 19.6763, -379.959 )

[node name="CollisionShape" type="CollisionShape" parent="StaticBody78"]
transform = Transform( 1, 0, 0, 0, 1, 0, 0, 0, 1, 0, 4.95428, 0 )
shape = SubResource( 2 )

[node name="StaticBody79" type="StaticBody" parent="."]
transform = Transform( 0.964009, 0.232635, 0.128713, -0.244704, 0.965648, 0.0874327, -0.103952, -0.115783, 0.98782, 143.681, 15.0836, 274.15 )

[node name="CollisionShape" type="CollisionShape" parent="StaticBody79"]
transform = Transform( 1, 0, 0, 0, 1, 0, 0, 0, 1, 0, 4.95428, 0 )
shape = SubResource( 2 )

[node name="StaticBody80" type="StaticBody" parent="."]
transform = Transform( 0.854924, 0.278799, 0.437466, -0.187301, 0.952311, -0.240876, -0.483759, 0.123992, 0.866373, -352.408, 32.2301, -499.876 )

[node name="CollisionShape" type="CollisionShape" parent="StaticBody80"]
transform = Transform( 1, 0, 0, 0, 1, 0, 0, 0, 1, 0, 4.95428, 0 )
shape = SubResource( 2 )

[node name="StaticBody81" type="StaticBody" parent="."]
transform = Transform( -0.545322, -0.0908195, -0.833292, 0.0587113, 0.987533, -0.146052, 0.836168, -0.128569, -0.533191, -63.7753, 5.22548, 21.1135 )

[node name="CollisionShape" type="CollisionShape" parent="StaticBody81"]
transform = Transform( 1, 0, 0, 0, 1, 0, 0, 0, 1, 0, 4.95428, 0 )
shape = SubResource( 2 )

[node name="StaticBody82" type="StaticBody" parent="."]
transform = Transform( 0.942612, -0.0941914, 0.320328, 0.0912216, 0.995534, 0.0243006, -0.321186, 0.00631475, 0.946995, 144.114, 15.576, 123.003 )

[node name="CollisionShape" type="CollisionShape" parent="StaticBody82"]
transform = Transform( 1, 0, 0, 0, 1, 0, 0, 0, 1, 0, 4.95428, 0 )
shape = SubResource( 2 )

[node name="StaticBody83" type="StaticBody" parent="."]
transform = Transform( 0.965274, 0.185123, -0.184324, -0.149426, 0.970013, 0.191696, 0.214284, -0.157496, 0.96399, -386.319, 16.3983, -16.5673 )

[node name="CollisionShape" type="CollisionShape" parent="StaticBody83"]
transform = Transform( 1, 0, 0, 0, 1, 0, 0, 0, 1, 0, 4.95428, 0 )
shape = SubResource( 2 )

[node name="StaticBody84" type="StaticBody" parent="."]
transform = Transform( -0.97394, -0.201802, -0.103525, -0.210254, 0.974496, 0.0784296, 0.0850577, 0.0981523, -0.99153, 255.64, 14.1066, 235.182 )

[node name="CollisionShape" type="CollisionShape" parent="StaticBody84"]
transform = Transform( 1, 0, 0, 0, 1, 0, 0, 0, 1, 0, 4.95428, 0 )
shape = SubResource( 2 )

[node name="StaticBody85" type="StaticBody" parent="."]
transform = Transform( -0.184291, 0.0725702, 0.980189, 0.250825, 0.967723, -0.0244882, -0.950328, 0.241343, -0.196545, 264.342, 3.18918, -301.174 )

[node name="CollisionShape" type="CollisionShape" parent="StaticBody85"]
transform = Transform( 1, 0, 0, 0, 1, 0, 0, 0, 1, 0, 4.95428, 0 )
shape = SubResource( 2 )

[node name="StaticBody86" type="StaticBody" parent="."]
transform = Transform( 0.83831, 0.046104, -0.543242, 0.108694, 0.962282, 0.249399, 0.53425, -0.268121, 0.801679, -361.479, 13.8827, 164.837 )

[node name="CollisionShape" type="CollisionShape" parent="StaticBody86"]
transform = Transform( 1, 0, 0, 0, 1, 0, 0, 0, 1, 0, 4.95428, 0 )
shape = SubResource( 2 )

[node name="StaticBody87" type="StaticBody" parent="."]
transform = Transform( 0.98983, 0.136322, 0.0406479, -0.141963, 0.96486, 0.221115, -0.00907671, -0.224637, 0.9744, 377.586, 4.51464, -323.102 )

[node name="CollisionShape" type="CollisionShape" parent="StaticBody87"]
transform = Transform( 1, 0, 0, 0, 1, 0, 0, 0, 1, 0, 4.95428, 0 )
shape = SubResource( 2 )

[node name="StaticBody88" type="StaticBody" parent="."]
transform = Transform( 0.677115, 0.0443283, -0.734541, -0.216714, 0.965929, -0.141479, 0.703243, 0.254983, 0.663652, 165.116, 20.8663, 423.354 )

[node name="CollisionShape" type="CollisionShape" parent="StaticBody88"]
transform = Transform( 1, 0, 0, 0, 1, 0, 0, 0, 1, 0, 4.95428, 0 )
shape = SubResource( 2 )

[node name="StaticBody89" type="StaticBody" parent="."]
transform = Transform( 0.582262, -0.157614, 0.797577, 0.242168, 0.97012, 0.0149189, -0.776096, 0.184461, 0.603033, -284.705, 9.37797, -495.073 )

[node name="CollisionShape" type="CollisionShape" parent="StaticBody89"]
transform = Transform( 1, 0, 0, 0, 1, 0, 0, 0, 1, 0, 4.95428, 0 )
shape = SubResource( 2 )

[node name="StaticBody90" type="StaticBody" parent="."]
transform = Transform( 0.964613, -0.0374783, 0.260991, 0.0247361, 0.998344, 0.0519382, -0.262506, -0.0436444, 0.963943, -49.4674, 10.8625, 74.0661 )

[node name="CollisionShape" type="CollisionShape" parent="StaticBody90"]
transform = Transform( 1, 0, 0, 0, 1, 0, 0, 0, 1, 0, 4.95428, 0 )
shape = SubResource( 2 )

[node name="StaticBody91" type="StaticBody" parent="."]
transform = Transform( 0.852974, -0.260594, 0.452245, 0.182936, 0.960746, 0.208569, -0.488845, -0.0951714, 0.867164, 53.4902, 10.1793, 279.001 )

[node name="CollisionShape" type="CollisionShape" parent="StaticBody91"]
transform = Transform( 1, 0, 0, 0, 1, 0, 0, 0, 1, 0, 4.95428, 0 )
shape = SubResource( 2 )

[node name="StaticBody92" type="StaticBody" parent="."]
transform = Transform( -0.970987, -0.239112, 0.00327334, -0.233542, 0.94525, -0.22795, 0.0514115, -0.222101, -0.973667, -246.992, 22.3006, 395.799 )

[node name="CollisionShape" type="CollisionShape" parent="StaticBody92"]
transform = Transform( 1, 0, 0, 0, 1, 0, 0, 0, 1, 0, 4.95428, 0 )
shape = SubResource( 2 )

[node name="StaticBody93" type="StaticBody" parent="."]
transform = Transform( 0.957008, 0.0187127, -0.289458, 0.0317291, 0.985175, 0.168592, 0.288321, -0.170528, 0.942227, -191.696, 23.8845, -240.223 )

[node name="CollisionShape" type="CollisionShape" parent="StaticBody93"]
transform = Transform( 1, 0, 0, 0, 1, 0, 0, 0, 1, 0, 4.95428, 0 )
shape = SubResource( 2 )

[node name="StaticBody94" type="StaticBody" parent="."]
transform = Transform( 0.099618, 0.122444, 0.987463, 0.233437, 0.961827, -0.142815, -0.967256, 0.244737, 0.0672324, -122.661, 20.3509, -256.115 )

[node name="CollisionShape" type="CollisionShape" parent="StaticBody94"]
transform = Transform( 1, 0, 0, 0, 1, 0, 0, 0, 1, 0, 4.95428, 0 )
shape = SubResource( 2 )

[node name="StaticBody95" type="StaticBody" parent="."]
transform = Transform( -0.625137, 0.00443935, 0.780502, -0.132793, 0.9848, -0.111961, -0.769136, -0.173636, -0.615045, -0.220336, 21.5556, 66.5413 )

[node name="CollisionShape" type="CollisionShape" parent="StaticBody95"]
transform = Transform( 1, 0, 0, 0, 1, 0, 0, 0, 1, 0, 4.95428, 0 )
shape = SubResource( 2 )

[node name="StaticBody96" type="StaticBody" parent="."]
transform = Transform( -0.167252, -0.129242, -0.977406, -0.20711, 0.973856, -0.0933322, 0.963915, 0.18682, -0.189646, 309.331, 11.669, 265.851 )

[node name="CollisionShape" type="CollisionShape" parent="StaticBody96"]
transform = Transform( 1, 0, 0, 0, 1, 0, 0, 0, 1, 0, 4.95428, 0 )
shape = SubResource( 2 )

[node name="StaticBody97" type="StaticBody" parent="."]
transform = Transform( 0.179113, -0.149281, 0.972437, -0.177227, 0.967356, 0.181145, -0.967734, -0.204788, 0.146809, 230.777, 11.3626, -84.6717 )

[node name="CollisionShape" type="CollisionShape" parent="StaticBody97"]
transform = Transform( 1, 0, 0, 0, 1, 0, 0, 0, 1, 0, 4.95428, 0 )
shape = SubResource( 2 )

[node name="StaticBody98" type="StaticBody" parent="."]
transform = Transform( -0.473668, -0.0432053, 0.879643, -0.253037, 0.96336, -0.0889378, -0.84357, -0.264709, -0.467246, 77.8449, 5.27218, -183.568 )

[node name="CollisionShape" type="CollisionShape" parent="StaticBody98"]
transform = Transform( 1, 0, 0, 0, 1, 0, 0, 0, 1, 0, 4.95428, 0 )
shape = SubResource( 2 )

[node name="StaticBody99" type="StaticBody" parent="."]
transform = Transform( 0.667863, 0.059729, 0.741884, 0.149294, 0.965766, -0.212152, -0.729158, 0.252447, 0.636082, 170.205, 11.76, -367.288 )

[node name="CollisionShape" type="CollisionShape" parent="StaticBody99"]
transform = Transform( 1, 0, 0, 0, 1, 0, 0, 0, 1, 0, 4.95428, 0 )
shape = SubResource( 2 )

[node name="StaticBody100" type="StaticBody" parent="."]
transform = Transform( 0.331494, 0.0033979, 0.943451, -0.0850782, 0.996027, 0.026306, -0.939614, -0.0889874, 0.330466, -203.42, 3.28165, -416.559 )

[node name="CollisionShape" type="CollisionShape" parent="StaticBody100"]
transform = Transform( 1, 0, 0, 0, 1, 0, 0, 0, 1, 0, 4.95428, 0 )
shape = SubResource( 2 )

[node name="StaticBody101" type="StaticBody" parent="."]
transform = Transform( -0.393494, -0.146043, -0.907653, 0.213213, 0.945884, -0.244629, 0.894261, -0.289783, -0.341061, 53.0893, 9.47994, -40.6996 )

[node name="CollisionShape" type="CollisionShape" parent="StaticBody101"]
transform = Transform( 1, 0, 0, 0, 1, 0, 0, 0, 1, 0, 4.95428, 0 )
shape = SubResource( 2 )

[node name="StaticBody102" type="StaticBody" parent="."]
transform = Transform( -0.328764, -0.0432812, 0.94342, -0.19069, 0.981416, -0.0214275, -0.92496, -0.186945, -0.330908, 205.864, 12.9462, 452.47 )

[node name="CollisionShape" type="CollisionShape" parent="StaticBody102"]
transform = Transform( 1, 0, 0, 0, 1, 0, 0, 0, 1, 0, 4.95428, 0 )
shape = SubResource( 2 )

[node name="StaticBody103" type="StaticBody" parent="."]
transform = Transform( -0.945683, 0.100689, -0.309103, 0.105213, 0.994448, 0.00204358, 0.307593, -0.0305892, -0.951026, -64.8227, 35.1366, 211.611 )

[node name="CollisionShape" type="CollisionShape" parent="StaticBody103"]
transform = Transform( 1, 0, 0, 0, 1, 0, 0, 0, 1, 0, 4.95428, 0 )
shape = SubResource( 2 )

[node name="StaticBody104" type="StaticBody" parent="."]
transform = Transform( -0.45924, -0.258777, 0.849784, -0.177119, 0.964094, 0.197868, -0.870475, -0.0596436, -0.488585, 151.468, 9.09571, -106.433 )

[node name="CollisionShape" type="CollisionShape" parent="StaticBody104"]
transform = Transform( 1, 0, 0, 0, 1, 0, 0, 0, 1, 0, 4.95428, 0 )
shape = SubResource( 2 )

[node name="StaticBody105" type="StaticBody" parent="."]
transform = Transform( 0.826716, 0.0472199, -0.560635, 0.095217, 0.970355, 0.222136, 0.554504, -0.237026, 0.797712, 331.148, 10.9301, 249.374 )

[node name="CollisionShape" type="CollisionShape" parent="StaticBody105"]
transform = Transform( 1, 0, 0, 0, 1, 0, 0, 0, 1, 0, 4.95428, 0 )
shape = SubResource( 2 )

[node name="StaticBody106" type="StaticBody" parent="."]
transform = Transform( 0.988961, 0.137981, 0.0540179, -0.135565, 0.989695, -0.0461125, -0.0598239, 0.0382805, 0.997475, 58.7352, 36.5623, -484.422 )

[node name="CollisionShape" type="CollisionShape" parent="StaticBody106"]
transform = Transform( 1, 0, 0, 0, 1, 0, 0, 0, 1, 0, 4.95428, 0 )
shape = SubResource( 2 )

[node name="StaticBody107" type="StaticBody" parent="."]
transform = Transform( -0.971643, 0.204635, -0.118468, 0.207666, 0.978104, -0.0136932, 0.113072, -0.0379067, -0.992863, 118.384, 11.6865, 88.2889 )

[node name="CollisionShape" type="CollisionShape" parent="StaticBody107"]
transform = Transform( 1, 0, 0, 0, 1, 0, 0, 0, 1, 0, 4.95428, 0 )
shape = SubResource( 2 )

[node name="StaticBody108" type="StaticBody" parent="."]
transform = Transform( -0.998382, 0.0547407, 0.0154194, 0.056787, 0.974289, 0.218026, -0.00308807, 0.218549, -0.975821, 22.2527, 27.3658, -422.813 )

[node name="CollisionShape" type="CollisionShape" parent="StaticBody108"]
transform = Transform( 1, 0, 0, 0, 1, 0, 0, 0, 1, 0, 4.95428, 0 )
