[gd_scene load_steps=14 format=2]

[ext_resource path="res://source/environment/landscape.tscn" type="PackedScene" id=1]
[ext_resource path="res://source/environment/BlueTree.tscn" type="PackedScene" id=2]
[ext_resource path="res://source/environment/Bush.tscn" type="PackedScene" id=3]
[ext_resource path="res://source/environment/Rock.tscn" type="PackedScene" id=4]
[ext_resource path="res://source/dummy_shop/DummyShop.tscn" type="PackedScene" id=5]
[ext_resource path="res://source/dummy_crafting_station/DummyCraftingStation.tscn" type="PackedScene" id=6]
[ext_resource path="res://source/actor/dummy_npc/dummy_npc.tscn" type="PackedScene" id=7]
[ext_resource path="res://source/dummy_res_node/DummyResNode.tscn" type="PackedScene" id=8]
[ext_resource path="res://source/environment/YellowTree.tscn" type="PackedScene" id=11]
[ext_resource path="res://source/environment/GreenTree.tscn" type="PackedScene" id=12]
[ext_resource path="res://source/environment/PinkTree.tscn" type="PackedScene" id=13]
[ext_resource path="res://source/environment/RedTree.tscn" type="PackedScene" id=14]
[ext_resource path="res://source/AssetDistributor.tscn" type="PackedScene" id=51]

[node name="World" type="Node"]

[node name="landscape" parent="." instance=ExtResource( 1 )]

[node name="AssetDistributor" parent="." instance=ExtResource( 51 )]
density = 1000
extents = 500

[node name="Rock" type="Spatial" parent="AssetDistributor" instance=ExtResource( 4 )]
transform = Transform( 0.544355, -0.127322, -0.829136, 0.217853, 0.975958, -0.00684008, 0.810073, -0.176906, 0.559005, -56.8189, 28.3217, 170.495 )

[node name="BlueTree474" type="Spatial" parent="AssetDistributor" instance=ExtResource( 14 )]
transform = Transform( -0.945187, 0.134981, 0.297323, 0.0650593, 0.970151, -0.233613, -0.319981, -0.201464, -0.925756, 490.659, 16.9152, -190.188 )

[node name="BlueTree475" type="Spatial" parent="AssetDistributor" instance=ExtResource( 11 )]
transform = Transform( -0.979637, -0.0661494, 0.189569, -0.0343554, 0.98547, 0.166338, -0.197817, 0.156438, -0.967675, 205.157, 21.9823, 421.709 )

[node name="BlueTree476" type="Spatial" parent="AssetDistributor" instance=ExtResource( 2 )]
transform = Transform( -0.897356, -0.262532, 0.354725, -0.230369, 0.964262, 0.130879, -0.376407, 0.0357269, -0.925765, 187.047, 11.5819, 237.407 )

[node name="BlueTree477" type="Spatial" parent="AssetDistributor" instance=ExtResource( 11 )]
transform = Transform( -0.726603, 0.131441, 0.674367, -0.0127951, 0.978771, -0.204558, -0.686938, -0.157261, -0.709496, 321.576, 11.0387, 205.995 )

[node name="BlueTree478" type="Spatial" parent="AssetDistributor" instance=ExtResource( 11 )]
transform = Transform( -0.803932, 0.0827593, -0.588935, 0.148334, 0.986877, -0.0638048, 0.575926, -0.138654, -0.805658, -445.882, 14.5126, 293.087 )

[node name="BlueTree479" type="Spatial" parent="AssetDistributor" instance=ExtResource( 12 )]
transform = Transform( -0.50784, 0.0675366, -0.8588, -0.154764, 0.973549, 0.168078, 0.847435, 0.218269, -0.483955, -47.283, 11.3563, 269.48 )

[node name="BlueTree480" type="Spatial" parent="AssetDistributor" instance=ExtResource( 14 )]
transform = Transform( -0.371004, 0.246139, 0.895417, 0.0849513, 0.969186, -0.231219, -0.924738, -0.00971647, -0.380482, -97.3699, 11.7918, -199.836 )

[node name="BlueTree481" type="Spatial" parent="AssetDistributor" instance=ExtResource( 11 )]
transform = Transform( 0.419838, 0.300177, -0.856522, -0.161962, 0.953354, 0.254724, 0.893031, 0.0317813, 0.448872, -433.852, 27.2676, 226.401 )

[node name="BlueTree482" type="Spatial" parent="AssetDistributor" instance=ExtResource( 13 )]
transform = Transform( 0.91917, -0.227141, 0.321767, 0.188739, 0.971063, 0.146333, -0.345694, -0.0737746, 0.935443, -422.48, 17.3963, -331.434 )

[node name="BlueTree483" type="Spatial" parent="AssetDistributor" instance=ExtResource( 11 )]
transform = Transform( 0.905131, -0.223085, 0.361899, 0.23305, 0.972325, 0.0164972, -0.355564, 0.0694083, 0.932071, 305.895, 18.5506, 462.498 )

[node name="BlueTree484" type="Spatial" parent="AssetDistributor" instance=ExtResource( 13 )]
transform = Transform( -0.606796, 0.0482949, -0.793389, 0.127628, 0.991121, -0.0372808, 0.784545, -0.123881, -0.607572, -24.822, 17.4911, -436.075 )

[node name="BlueTree485" type="Spatial" parent="AssetDistributor" instance=ExtResource( 11 )]
transform = Transform( 0.307028, -0.0312912, -0.951186, 0.24331, 0.968825, 0.0466652, 0.920073, -0.245761, 0.30507, 116.851, 4.43011, -132.269 )

[node name="BlueTree486" type="Spatial" parent="AssetDistributor" instance=ExtResource( 13 )]
transform = Transform( -0.51289, 0.0378087, 0.857621, -0.134462, 0.98316, -0.123756, -0.847859, -0.17879, -0.499169, 394.677, 15.0817, 87.9507 )

[node name="BlueTree487" type="Spatial" parent="AssetDistributor" instance=ExtResource( 13 )]
transform = Transform( -0.273316, -0.245989, 0.92994, -0.0187249, 0.967927, 0.250534, -0.961742, 0.0510618, -0.269156, 336.651, 8.1231, -140.634 )

[node name="BlueTree488" type="Spatial" parent="AssetDistributor" instance=ExtResource( 11 )]
transform = Transform( -0.049355, -0.0665453, 0.996562, -0.170466, 0.983699, 0.057244, -0.984127, -0.167055, -0.0598942, -348.429, 19.313, 51.1518 )

[node name="BlueTree489" type="Spatial" parent="AssetDistributor" instance=ExtResource( 12 )]
transform = Transform( 0.569711, -0.0802048, 0.817922, 0.147643, 0.989023, -0.00585589, -0.808474, 0.124097, 0.575299, -119.277, 26.5203, 391.356 )

[node name="BlueTree490" type="Spatial" parent="AssetDistributor" instance=ExtResource( 11 )]
transform = Transform( -0.19716, 0.2248, 0.95425, -0.0438473, 0.97036, -0.237655, -0.97939, -0.0886974, -0.181459, -152.234, 13.2438, -9.27324 )

[node name="BlueTree491" type="Spatial" parent="AssetDistributor" instance=ExtResource( 14 )]
transform = Transform( -0.900879, 0.0618676, -0.429639, 0.0736229, 0.997228, -0.0107747, 0.427782, -0.041338, -0.902936, 437.305, 8.72464, 499.276 )

[node name="BlueTree492" type="Spatial" parent="AssetDistributor" instance=ExtResource( 12 )]
transform = Transform( 0.837906, -0.30715, -0.45119, 0.209051, 0.944197, -0.254538, 0.504193, 0.118957, 0.855359, 189.027, 23.2287, 402.129 )

[node name="BlueTree493" type="Spatial" parent="AssetDistributor" instance=ExtResource( 14 )]
transform = Transform( 0.970973, -0.158576, 0.179068, 0.177889, 0.979216, -0.0974258, -0.159897, 0.126452, 0.979001, -41.9504, 12.8003, -485.404 )

[node name="BlueTree494" type="Spatial" parent="AssetDistributor" instance=ExtResource( 12 )]
transform = Transform( -0.493182, 0.055212, -0.868172, -0.233297, 0.953032, 0.193138, 0.838059, 0.297794, -0.457138, 110.129, 12.041, 278.771 )

[node name="BlueTree495" type="Spatial" parent="AssetDistributor" instance=ExtResource( 14 )]
transform = Transform( -0.427733, 0.0659991, 0.901492, 0.00578127, 0.99751, -0.0702856, -0.903887, -0.0248517, -0.427049, -231.785, 4.13453, -408.599 )

[node name="Bush" type="Spatial" parent="AssetDistributor" instance=ExtResource( 3 )]
transform = Transform( 0.374558, -0.0288644, -0.926754, -0.199921, 0.973491, -0.11112, 0.905394, 0.226899, 0.358858, -201.275, 21.4267, -233.131 )

[node name="BlueTree496" type="Spatial" parent="AssetDistributor" instance=ExtResource( 14 )]
transform = Transform( -0.642491, -0.133775, 0.754526, -0.192034, 0.981332, 0.0104666, -0.741841, -0.13817, -0.656187, -101.32, 25.2509, -79.7513 )

[node name="BlueTree497" type="Spatial" parent="AssetDistributor" instance=ExtResource( 14 )]
transform = Transform( -0.202807, -0.0695275, 0.976747, 0.223037, 0.967978, 0.115214, -0.95348, 0.241217, -0.180806, -201.187, 29.6485, 406.831 )

[node name="BlueTree498" type="Spatial" parent="AssetDistributor" instance=ExtResource( 12 )]
transform = Transform( 0.937951, 0.178221, 0.297466, -0.236573, 0.956063, 0.173139, -0.253539, -0.232768, 0.938902, 492.41, 14.5104, 454.253 )

[node name="Bush2" type="Spatial" parent="AssetDistributor" instance=ExtResource( 3 )]
transform = Transform( -0.733016, 0.190543, -0.652978, 0.221692, 0.974471, 0.0354908, 0.643071, -0.118745, -0.756545, 221.555, 20.3404, -436.453 )

[node name="BlueTree499" type="Spatial" parent="AssetDistributor" instance=ExtResource( 14 )]
transform = Transform( -0.31958, -0.107073, -0.94149, -0.245949, 0.968915, -0.0267067, 0.915084, 0.223024, -0.33598, 435.647, 9.90787, 240.68 )

[node name="BlueTree500" type="Spatial" parent="AssetDistributor" instance=ExtResource( 11 )]
transform = Transform( -0.93813, -0.059375, 0.341154, -0.108885, 0.985798, -0.12785, -0.328718, -0.157087, -0.931272, -162.486, 15.6191, -110.155 )

[node name="Rock2" type="Spatial" parent="AssetDistributor" instance=ExtResource( 4 )]
transform = Transform( 0.454631, 0.048389, -0.889365, -0.126148, 0.991956, -0.0105144, 0.881701, 0.116972, 0.457078, -9.41332, 10.9213, 272.081 )

[node name="BlueTree501" type="Spatial" parent="AssetDistributor" instance=ExtResource( 12 )]
transform = Transform( -0.833663, 0.182188, 0.521358, 0.109102, 0.979745, -0.167915, -0.54139, -0.0831039, -0.836654, 296.542, 13.9133, 243.384 )

[node name="Bush3" type="Spatial" parent="AssetDistributor" instance=ExtResource( 3 )]
transform = Transform( -0.908679, 0.163384, 0.384198, 0.167892, 0.985559, -0.0220317, -0.38225, 0.0444842, -0.922988, 62.6377, 18.7364, -432.309 )

[node name="BlueTree502" type="Spatial" parent="AssetDistributor" instance=ExtResource( 12 )]
transform = Transform( 0.363275, 0.0133307, -0.931587, -0.249233, 0.964847, -0.0833826, 0.897727, 0.262473, 0.353827, 122.372, 15.0867, 263.428 )

[node name="BlueTree503" type="Spatial" parent="AssetDistributor" instance=ExtResource( 12 )]
transform = Transform( -0.909767, -0.00606108, 0.415076, -0.089302, 0.97934, -0.181432, -0.405401, -0.202128, -0.891513, -240.226, 26.8078, 499.396 )

[node name="BlueTree504" type="Spatial" parent="AssetDistributor" instance=ExtResource( 2 )]
transform = Transform( -0.938723, -0.147712, 0.311417, -0.131495, 0.988657, 0.0725701, -0.318604, 0.0271734, -0.947498, 53.4582, 10.812, 448.008 )

[node name="BlueTree505" type="Spatial" parent="AssetDistributor" instance=ExtResource( 12 )]
transform = Transform( -0.249336, -0.19275, -0.949041, -0.100582, 0.979846, -0.172581, 0.96318, 0.0524254, -0.263698, 417.534, 20.3339, 380.483 )

[node name="Rock3" type="Spatial" parent="AssetDistributor" instance=ExtResource( 4 )]
transform = Transform( -0.946168, 0.170651, -0.275036, 0.148185, 0.983824, 0.100653, 0.287764, 0.0544782, -0.956151, -26.4086, 36.3057, 178.806 )

[node name="BlueTree506" type="Spatial" parent="AssetDistributor" instance=ExtResource( 14 )]
transform = Transform( 0.169946, 0.0703651, 0.982938, -0.122982, 0.991164, -0.049691, -0.977749, -0.112438, 0.177098, -437.397, 14.232, -63.0412 )

[node name="Rock4" type="Spatial" parent="AssetDistributor" instance=ExtResource( 4 )]
transform = Transform( 0.95026, -0.182948, -0.252063, 0.129237, 0.967953, -0.215326, 0.283379, 0.17204, 0.94345, 391.02, 7.00939, 486.956 )

[node name="BlueTree507" type="Spatial" parent="AssetDistributor" instance=ExtResource( 14 )]
transform = Transform( 0.405767, -0.235845, -0.883023, 0.169326, 0.968807, -0.180949, 0.898155, -0.0760953, 0.433045, 352.429, 8.30709, -240.351 )

[node name="Bush4" type="Spatial" parent="AssetDistributor" instance=ExtResource( 3 )]
transform = Transform( 0.983034, 0.140905, 0.117431, -0.148485, 0.987184, 0.0584749, -0.107687, -0.0749196, 0.991358, -80.8031, 21.769, -402.991 )

[node name="BlueTree508" type="Spatial" parent="AssetDistributor" instance=ExtResource( 13 )]
transform = Transform( -0.803261, 0.23411, -0.54769, 0.122148, 0.964721, 0.233222, 0.582968, 0.120439, -0.803519, 294.372, 6.60017, -53.7918 )

[node name="BlueTree509" type="Spatial" parent="AssetDistributor" instance=ExtResource( 14 )]
transform = Transform( 0.389969, 0.270334, 0.880252, -0.0913016, 0.962576, -0.255168, -0.916291, 0.0191393, 0.400057, -237.333, 5.79366, -486.465 )

[node name="BlueTree510" type="Spatial" parent="AssetDistributor" instance=ExtResource( 2 )]
transform = Transform( 0.0675791, 0.0134335, -0.997624, -0.0322229, 0.999417, 0.0112748, 0.997193, 0.0313844, 0.0679726, 257.759, 3.24913, -244.946 )

[node name="BlueTree511" type="Spatial" parent="AssetDistributor" instance=ExtResource( 14 )]
transform = Transform( -0.390845, 0.106642, -0.914258, -0.201031, 0.959397, 0.197847, 0.898236, 0.261121, -0.353537, 450.128, 17.7973, -323.738 )

[node name="BlueTree512" type="Spatial" parent="AssetDistributor" instance=ExtResource( 2 )]
transform = Transform( 0.984243, -0.0435307, -0.171378, 0.0798167, 0.974236, 0.210937, 0.15778, -0.221292, 0.962359, -119.729, 8.94683, -1.52905 )

[node name="BlueTree513" type="Spatial" parent="AssetDistributor" instance=ExtResource( 11 )]
transform = Transform( -0.0206622, 0.242515, -0.969928, -0.0584757, 0.968181, 0.243324, 0.998075, 0.0617448, -0.00582353, 153.394, 34.2789, -481.562 )

[node name="BlueTree514" type="Spatial" parent="AssetDistributor" instance=ExtResource( 13 )]
transform = Transform( -0.993425, -0.075737, -0.0858511, -0.0588337, 0.981038, -0.184669, 0.0982094, -0.178404, -0.979044, -349.635, 15.2262, -97.9967 )

[node name="BlueTree515" type="Spatial" parent="AssetDistributor" instance=ExtResource( 13 )]
transform = Transform( -0.948349, -0.077378, 0.307646, -0.122236, 0.984042, -0.129303, -0.292732, -0.16023, -0.942674, 310.055, 10.3756, -352.334 )

[node name="BlueTree516" type="Spatial" parent="AssetDistributor" instance=ExtResource( 14 )]
transform = Transform( -0.468702, 0.249149, -0.847492, 0.194215, 0.96499, 0.176282, 0.861742, -0.0819717, -0.500681, 326.937, 12.8772, 112.706 )

[node name="BlueTree517" type="Spatial" parent="AssetDistributor" instance=ExtResource( 2 )]
transform = Transform( 0.656375, -0.0523609, 0.752615, 0.192794, 0.976107, -0.100231, -0.729385, 0.210889, 0.650787, -165.267, 6.25139, -406.993 )

[node name="BlueTree518" type="Spatial" parent="AssetDistributor" instance=ExtResource( 14 )]
transform = Transform( -0.785201, 0.151785, 0.600351, 0.156361, 0.986676, -0.0449537, -0.599175, 0.058574, -0.798472, 340.284, 12.7111, 144.828 )

[node name="Bush5" type="Spatial" parent="AssetDistributor" instance=ExtResource( 3 )]
transform = Transform( -0.790527, -0.12422, 0.599697, -0.183308, 0.982314, -0.0381643, -0.58435, -0.140099, -0.799317, 233.537, 2.56028, -247.62 )

[node name="BlueTree519" type="Spatial" parent="AssetDistributor" instance=ExtResource( 2 )]
transform = Transform( -0.141381, 0.125237, 0.982001, -0.233637, 0.959722, -0.156033, -0.96199, -0.251492, -0.106427, -169.678, 12.8759, 258.709 )

[node name="BlueTree520" type="Spatial" parent="AssetDistributor" instance=ExtResource( 12 )]
transform = Transform( -0.888509, 0.0233833, -0.458264, -0.0782349, 0.976358, 0.201506, 0.452141, 0.214892, -0.865673, -186.889, 18.577, 192.522 )

[node name="BlueTree521" type="Spatial" parent="AssetDistributor" instance=ExtResource( 2 )]
transform = Transform( -0.920759, -0.228679, -0.316084, -0.224203, 0.973208, -0.0509847, 0.319274, 0.0239222, -0.94736, 282.136, 11.4242, -150.534 )

[node name="Rock5" type="Spatial" parent="AssetDistributor" instance=ExtResource( 4 )]
transform = Transform( 0.988233, -0.137491, -0.0670186, 0.128155, 0.983473, -0.127899, 0.0834958, 0.117805, 0.98952, -47.2578, 9.29759, -225.536 )

[node name="BlueTree522" type="Spatial" parent="AssetDistributor" instance=ExtResource( 14 )]
transform = Transform( 0.963661, 0.233251, -0.130198, -0.211144, 0.963662, 0.163625, 0.163633, -0.130189, 0.977893, -30.8703, 9.94285, 49.5694 )

[node name="BlueTree523" type="Spatial" parent="AssetDistributor" instance=ExtResource( 12 )]
transform = Transform( -0.899128, -0.236573, 0.368241, -0.149215, 0.956618, 0.250235, -0.411464, 0.170047, -0.895422, 141.109, 6.98535, 369.633 )

[node name="BlueTree524" type="Spatial" parent="AssetDistributor" instance=ExtResource( 13 )]
transform = Transform( -0.396365, 0.00771137, -0.91806, 0.155495, 0.986082, -0.0588509, 0.904829, -0.16608, -0.392048, -327.184, 12.5421, -88.7458 )

[node name="BlueTree525" type="Spatial" parent="AssetDistributor" instance=ExtResource( 12 )]
transform = Transform( -0.690396, -0.0461099, -0.721961, -0.0975512, 0.994786, 0.0297515, 0.716825, 0.0909685, -0.691294, 410.494, 10.3955, 25.9807 )

[node name="BlueTree526" type="Spatial" parent="AssetDistributor" instance=ExtResource( 2 )]
transform = Transform( -0.0508326, 0.117055, -0.991824, 0.208329, 0.972503, 0.104098, 0.976737, -0.201334, -0.0738208, 280.914, 18.3909, -480.926 )

[node name="BlueTree527" type="Spatial" parent="AssetDistributor" instance=ExtResource( 13 )]
transform = Transform( -0.0650234, -0.209928, -0.975552, 0.205706, 0.953804, -0.218959, 0.976451, -0.214915, -0.0188361, 452.292, 9.42763, 246.478 )

[node name="BlueTree528" type="Spatial" parent="AssetDistributor" instance=ExtResource( 2 )]
transform = Transform( 0.715308, -1.61231e-05, 0.698809, -0.174882, 0.968175, 0.179034, -0.676572, -0.250273, 0.692541, 366.292, 6.33825, -44.1591 )

[node name="BlueTree529" type="Spatial" parent="AssetDistributor" instance=ExtResource( 13 )]
transform = Transform( -0.856219, -0.17945, -0.484445, -0.137258, 0.983049, -0.121552, 0.498045, -0.037581, -0.866336, -8.65703, 9.11914, -235.345 )

[node name="BlueTree530" type="Spatial" parent="AssetDistributor" instance=ExtResource( 2 )]
transform = Transform( -0.715129, 0.288128, 0.636846, 0.227447, 0.957428, -0.177763, -0.660952, 0.0177251, -0.750219, 250.857, 18.8024, 424.078 )

[node name="Bush6" type="Spatial" parent="AssetDistributor" instance=ExtResource( 3 )]
transform = Transform( -0.96825, 0.209486, -0.136407, 0.237326, 0.94174, -0.238331, 0.0785325, -0.263137, -0.961557, 72.8861, 10.0074, 189.188 )

[node name="BlueTree531" type="Spatial" parent="AssetDistributor" instance=ExtResource( 13 )]
transform = Transform( -0.507173, 0.232865, 0.829789, 0.0464315, 0.96879, -0.243494, -0.860593, -0.084965, -0.502157, -476.437, 11.2115, 337.677 )

[node name="BlueTree532" type="Spatial" parent="AssetDistributor" instance=ExtResource( 13 )]
transform = Transform( -0.875882, 0.0327319, -0.481414, -0.0592395, 0.982855, 0.174606, 0.478875, 0.181453, -0.858926, 386.848, 24.4385, 120.744 )

[node name="BlueTree533" type="Spatial" parent="AssetDistributor" instance=ExtResource( 12 )]
transform = Transform( 0.953931, 0.172434, -0.245524, -0.157334, 0.9843, 0.0799977, 0.255463, -0.0376832, 0.966084, 359.516, 10.4046, 229.51 )

[node name="Rock6" type="Spatial" parent="AssetDistributor" instance=ExtResource( 4 )]
transform = Transform( -0.963615, -0.223501, 0.146606, -0.184713, 0.953252, 0.239148, -0.193202, 0.203367, -0.959851, -147.31, 21.9168, -232.422 )

[node name="BlueTree534" type="Spatial" parent="AssetDistributor" instance=ExtResource( 14 )]
transform = Transform( 0.637058, 0.114975, -0.762193, -0.141766, 0.989422, 0.0307604, 0.757667, 0.0884567, 0.646619, -444.187, 13.8192, 291.392 )

[node name="BlueTree535" type="Spatial" parent="AssetDistributor" instance=ExtResource( 14 )]
transform = Transform( -0.161232, -0.273533, -0.948253, -0.248856, 0.941045, -0.229141, 0.955026, 0.199033, -0.219797, 416.131, 9.05542, -381.125 )

[node name="BlueTree536" type="Spatial" parent="AssetDistributor" instance=ExtResource( 11 )]
transform = Transform( 0.185088, 0.168543, -0.968161, -0.0842684, 0.984276, 0.155238, 0.979102, 0.0528527, 0.19638, -129.861, 29.4569, 190.459 )

[node name="BlueTree537" type="Spatial" parent="AssetDistributor" instance=ExtResource( 14 )]
transform = Transform( -0.996711, -0.0808933, -0.0049383, -0.0802673, 0.99374, -0.0777005, 0.0111928, -0.0770486, -0.996965, 154.825, 19.9422, 414.203 )

[node name="Bush7" type="Spatial" parent="AssetDistributor" instance=ExtResource( 3 )]
transform = Transform( -0.421374, -0.0706311, 0.904132, -0.116074, 0.992963, 0.0234738, -0.899428, -0.0950553, -0.426607, 205.561, 19.3333, 431.767 )

[node name="BlueTree538" type="Spatial" parent="AssetDistributor" instance=ExtResource( 13 )]
transform = Transform( -0.864439, 0.133682, -0.484638, 0.20406, 0.974316, -0.0952228, 0.459461, -0.181209, -0.869516, 84.0841, 12.4034, -356.094 )

[node name="BlueTree539" type="Spatial" parent="AssetDistributor" instance=ExtResource( 14 )]
transform = Transform( 0.847818, 0.166486, -0.503476, -0.195315, 0.98073, -0.00459596, 0.493008, 0.102233, 0.863997, 174.819, 6.93793, -301.519 )

[node name="BlueTree540" type="Spatial" parent="AssetDistributor" instance=ExtResource( 11 )]
transform = Transform( -0.00985397, 0.0650087, 0.997836, -0.240481, 0.968444, -0.0654686, -0.970604, -0.240606, 0.00609034, 59.3556, 4.33618, -195.133 )

[node name="BlueTree541" type="Spatial" parent="AssetDistributor" instance=ExtResource( 12 )]
transform = Transform( 0.629876, 0.0411984, -0.775602, 0.0986903, 0.986253, 0.132535, 0.7704, -0.160025, 0.617151, 326.66, 6.25188, 40.3089 )

[node name="BlueTree542" type="Spatial" parent="AssetDistributor" instance=ExtResource( 13 )]
transform = Transform( -0.426978, -0.120872, -0.896147, 0.213134, 0.949653, -0.229639, 0.878785, -0.28905, -0.379719, 220.628, 7.34488, -212.157 )

[node name="BlueTree543" type="Spatial" parent="AssetDistributor" instance=ExtResource( 11 )]
transform = Transform( 0.205465, 0.199943, -0.958022, 0.139942, 0.962846, 0.230963, 0.968607, -0.181523, 0.169851, -442.625, 15.9804, -340.867 )

[node name="BlueTree544" type="Spatial" parent="AssetDistributor" instance=ExtResource( 13 )]
transform = Transform( 0.375108, -0.301162, 0.876696, 0.23163, 0.946204, 0.225932, -0.897575, 0.11832, 0.424687, -333.76, 33.9215, -404.18 )

[node name="BlueTree545" type="Spatial" parent="AssetDistributor" instance=ExtResource( 2 )]
transform = Transform( -0.821249, 0.19057, -0.537804, 0.144607, 0.981317, 0.126907, 0.551941, 0.0264526, -0.833463, -65.0003, 11.994, 499.788 )

[node name="BlueTree546" type="Spatial" parent="AssetDistributor" instance=ExtResource( 14 )]
transform = Transform( -0.353586, -0.00768417, -0.93537, -0.173555, 0.983142, 0.0575303, 0.91916, 0.18268, -0.348959, 95.7453, 11.2546, 339.712 )

[node name="BlueTree547" type="Spatial" parent="AssetDistributor" instance=ExtResource( 13 )]
transform = Transform( 0.994064, -0.100985, -0.0404791, 0.106345, 0.98044, 0.165613, 0.022963, -0.168935, 0.98536, 419.227, 12.5719, 241.005 )

[node name="BlueTree548" type="Spatial" parent="AssetDistributor" instance=ExtResource( 11 )]
transform = Transform( 0.997126, -0.0402656, -0.0641773, 0.0418287, 0.998855, 0.0231999, 0.0631697, -0.0258177, 0.997669, -158.299, 32.6953, 360.591 )

[node name="BlueTree549" type="Spatial" parent="AssetDistributor" instance=ExtResource( 12 )]
transform = Transform( -0.847988, -0.0169532, 0.529743, -0.097721, 0.987354, -0.124829, -0.520928, -0.157621, -0.838922, -142.234, 18.8994, 227.399 )

[node name="Bush8" type="Spatial" parent="AssetDistributor" instance=ExtResource( 3 )]
transform = Transform( 0.767127, -0.206951, -0.607196, 0.0754389, 0.969069, -0.234979, 0.637044, 0.134452, 0.759011, -277.424, 10.2951, 408.455 )

[node name="BlueTree550" type="Spatial" parent="AssetDistributor" instance=ExtResource( 13 )]
transform = Transform( 0.97362, -0.0644725, -0.218879, 0.0793157, 0.99506, 0.0597103, 0.213948, -0.0754957, 0.973923, -359.938, 16.7036, -166.632 )

[node name="BlueTree551" type="Spatial" parent="AssetDistributor" instance=ExtResource( 14 )]
transform = Transform( 0.975029, 0.137402, 0.174469, -0.115246, 0.984612, -0.13137, -0.189835, 0.107983, 0.97586, -77.5289, 15.8575, 324.873 )

[node name="BlueTree552" type="Spatial" parent="AssetDistributor" instance=ExtResource( 11 )]
transform = Transform( -0.258036, 0.261471, -0.930081, 0.212038, 0.954537, 0.20952, 0.94258, -0.143149, -0.301747, 357.607, 18.8894, 326.278 )

[node name="Rock7" type="Spatial" parent="AssetDistributor" instance=ExtResource( 4 )]
transform = Transform( -0.979429, 0.194523, -0.0536567, 0.20022, 0.969914, -0.138486, 0.0251038, -0.14638, -0.98891, 160.365, 12.2916, 13.1278 )

[node name="BlueTree553" type="Spatial" parent="AssetDistributor" instance=ExtResource( 2 )]
transform = Transform( 0.437063, 0.19003, -0.879127, -0.000648916, 0.977492, 0.21097, 0.89943, -0.0916369, 0.427349, 373.75, 9.87256, -424.597 )

[node name="BlueTree554" type="Spatial" parent="AssetDistributor" instance=ExtResource( 13 )]
transform = Transform( -0.314642, 0.320347, 0.89352, 0.233913, 0.938468, -0.254092, -0.919937, 0.129058, -0.370215, -371.389, 46.4848, -447.323 )

[node name="Bush9" type="Spatial" parent="AssetDistributor" instance=ExtResource( 3 )]
transform = Transform( 0.71091, -0.145696, -0.688026, 0.17409, 0.984316, -0.0285585, 0.681396, -0.0994759, 0.725124, -327.28, 27.3243, -358.797 )

[node name="BlueTree555" type="Spatial" parent="AssetDistributor" instance=ExtResource( 13 )]
transform = Transform( -0.6451, 0.148976, -0.749434, 0.0479325, 0.986768, 0.154894, 0.762593, 0.0640001, -0.643705, 20.6848, 13.6854, 330.028 )

[node name="BlueTree556" type="Spatial" parent="AssetDistributor" instance=ExtResource( 14 )]
transform = Transform( 0.609676, 0.0214306, 0.792361, 0.11441, 0.986787, -0.114721, -0.78435, 0.160597, 0.599169, -16.5961, 6.55004, 14.1495 )

[node name="BlueTree557" type="Spatial" parent="AssetDistributor" instance=ExtResource( 13 )]
transform = Transform( 0.750349, 0.0402333, -0.659817, -0.061901, 0.998037, -0.0095376, 0.658137, 0.0479998, 0.751366, 488.657, 8.34984, -80.8597 )

[node name="BlueTree558" type="Spatial" parent="AssetDistributor" instance=ExtResource( 14 )]
transform = Transform( 0.358033, 0.186325, 0.914929, -0.212379, 0.970453, -0.114523, -0.909235, -0.153308, 0.387026, -274.826, 22.1213, -130.392 )

[node name="Bush10" type="Spatial" parent="AssetDistributor" instance=ExtResource( 3 )]
transform = Transform( -0.773446, -0.04903, -0.631963, -0.0340801, 0.998778, -0.035779, 0.632945, -0.00613583, -0.774173, -364.305, 24.7411, 203.713 )

[node name="BlueTree559" type="Spatial" parent="AssetDistributor" instance=ExtResource( 13 )]
transform = Transform( 0.647612, -0.0319964, -0.761298, 0.150274, 0.984858, 0.0864407, 0.747005, -0.170383, 0.642614, 9.63321, 17.4538, -147.641 )

[node name="BlueTree560" type="Spatial" parent="AssetDistributor" instance=ExtResource( 11 )]
transform = Transform( -0.877217, 0.167267, -0.450014, 0.106305, 0.98175, 0.157688, 0.468177, 0.0904877, -0.878989, 27.7458, 12.7461, 322.367 )

[node name="BlueTree561" type="Spatial" parent="AssetDistributor" instance=ExtResource( 14 )]
transform = Transform( 0.239432, -0.0985928, 0.965894, 0.221707, 0.974099, 0.0444721, -0.945261, 0.203498, 0.255089, -491.477, 14.554, -44.0547 )

[node name="Bush11" type="Spatial" parent="AssetDistributor" instance=ExtResource( 3 )]
transform = Transform( -0.94061, -0.259577, -0.218798, -0.256985, 0.965556, -0.0407381, 0.221836, 0.0179091, -0.974919, -225.677, 22.933, 456.136 )

[node name="BlueTree562" type="Spatial" parent="AssetDistributor" instance=ExtResource( 11 )]
transform = Transform( -0.113984, -0.239248, 0.964245, -0.138307, 0.964941, 0.223071, -0.983808, -0.107935, -0.143078, 380.123, 14.4918, 85.2164 )

[node name="Rock8" type="Spatial" parent="AssetDistributor" instance=ExtResource( 4 )]
transform = Transform( 0.98774, 0.134035, 0.0800228, -0.138324, 0.98909, 0.0506776, -0.0723571, -0.0611254, 0.995504, -295.924, 18.8259, 101.675 )

[node name="BlueTree563" type="Spatial" parent="AssetDistributor" instance=ExtResource( 2 )]
transform = Transform( -0.97234, -0.0470151, 0.228791, -0.0258163, 0.995163, 0.0947832, -0.23214, 0.086255, -0.96885, 309.306, 14.1379, 383.93 )

[node name="BlueTree564" type="Spatial" parent="AssetDistributor" instance=ExtResource( 12 )]
transform = Transform( 0.228813, 0.153885, 0.96123, -0.0360497, 0.988089, -0.149603, -0.972803, -0.000420887, 0.231635, -320.335, 8.18814, 440.012 )

[node name="BlueTree565" type="Spatial" parent="AssetDistributor" instance=ExtResource( 11 )]
transform = Transform( -0.831048, -0.137406, -0.53896, -0.226938, 0.968445, 0.103025, 0.507797, 0.207929, -0.836007, -373.082, 19.0559, -186.142 )

[node name="BlueTree566" type="Spatial" parent="AssetDistributor" instance=ExtResource( 11 )]
transform = Transform( 0.837362, 0.107262, 0.536022, -0.153441, 0.987259, 0.0421456, -0.524672, -0.117539, 0.843151, 420.462, 2.32836, -74.194 )

[node name="BlueTree567" type="Spatial" parent="AssetDistributor" instance=ExtResource( 13 )]
transform = Transform( 0.0240396, -0.018762, 0.999535, 0.236273, 0.971605, 0.0125552, -0.971389, 0.235862, 0.02779, 365.028, 6.64567, -46.4837 )

[node name="BlueTree568" type="Spatial" parent="AssetDistributor" instance=ExtResource( 11 )]
transform = Transform( 0.991311, 0.120482, 0.052787, -0.123138, 0.991112, 0.0503337, -0.0462535, -0.0563965, 0.997337, 59.4929, 17.934, 68.7413 )

[node name="BlueTree569" type="Spatial" parent="AssetDistributor" instance=ExtResource( 12 )]
transform = Transform( -0.623771, 0.119118, 0.772477, -0.133712, 0.957486, -0.255619, -0.770085, -0.262738, -0.581325, -279.653, 18.0065, -405.883 )

[node name="Bush12" type="Spatial" parent="AssetDistributor" instance=ExtResource( 3 )]
transform = Transform( -0.815791, 0.0136569, 0.578185, -0.158834, 0.95599, -0.246688, -0.556108, -0.293082, -0.777719, -12.8761, 13.3989, 303.832 )

[node name="BlueTree570" type="Spatial" parent="AssetDistributor" instance=ExtResource( 12 )]
transform = Transform( 0.826255, 0.185443, 0.531896, -0.108512, 0.97897, -0.172748, -0.552745, 0.0850169, 0.829002, 8.92849, 15.5186, 243.417 )

[node name="BlueTree571" type="Spatial" parent="AssetDistributor" instance=ExtResource( 13 )]
transform = Transform( 0.874119, -0.0712538, 0.480457, 0.147892, 0.981257, -0.123543, -0.462648, 0.179047, 0.868273, 372.942, 4.94756, -113.198 )

[node name="BlueTree572" type="Spatial" parent="AssetDistributor" instance=ExtResource( 14 )]
transform = Transform( -0.93135, 0.24042, 0.273468, 0.214713, 0.969177, -0.120806, -0.294084, -0.0537957, -0.954265, 287.729, 4.3532, 11.2328 )

[node name="BlueTree573" type="Spatial" parent="AssetDistributor" instance=ExtResource( 14 )]
transform = Transform( -0.876053, -0.0239686, 0.48162, 0.0356449, 0.992813, 0.114246, -0.480896, 0.117253, -0.868902, 435.774, 20.9779, -220.076 )

[node name="Bush13" type="Spatial" parent="AssetDistributor" instance=ExtResource( 3 )]
transform = Transform( 0.633438, -0.12786, -0.763157, -0.024984, 0.98236, -0.185323, 0.77339, 0.136457, 0.61907, -351.246, 15.5634, 125.403 )

[node name="BlueTree574" type="Spatial" parent="AssetDistributor" instance=ExtResource( 13 )]
transform = Transform( -0.725517, -0.192434, 0.660753, -0.116214, 0.980581, 0.157974, -0.678321, 0.0378235, -0.733792, -498.541, 9.1882, -457.915 )

[node name="Rock9" type="Spatial" parent="AssetDistributor" instance=ExtResource( 4 )]
transform = Transform( -0.503198, -0.232715, -0.832247, -0.0449729, 0.968805, -0.243708, 0.863, -0.085205, -0.497967, -230.025, 22.6787, 55.6479 )

[node name="BlueTree575" type="Spatial" parent="AssetDistributor" instance=ExtResource( 13 )]
transform = Transform( 0.626516, -0.0726354, 0.776017, -0.0439474, 0.990772, 0.128217, -0.778169, -0.114434, 0.617542, 389.042, 16.1091, 90.7298 )

[node name="BlueTree576" type="Spatial" parent="AssetDistributor" instance=ExtResource( 12 )]
transform = Transform( -0.582063, -0.201347, 0.787821, -0.147603, 0.978925, 0.141135, -0.799635, -0.0341355, -0.599515, 4.57493, 29.7009, 75.5792 )

[node name="BlueTree577" type="Spatial" parent="AssetDistributor" instance=ExtResource( 12 )]
transform = Transform( 0.4301, 0.0897467, 0.898309, 0.114527, 0.981583, -0.152901, -0.895487, 0.168644, 0.411901, 154.124, 17.5317, 426.126 )

[node name="BlueTree578" type="Spatial" parent="AssetDistributor" instance=ExtResource( 11 )]
transform = Transform( 0.40728, 0.0932054, 0.908535, 0.19366, 0.963344, -0.185643, -0.892535, 0.251556, 0.3743, -194.853, 13.3506, 133.346 )

[node name="BlueTree579" type="Spatial" parent="AssetDistributor" instance=ExtResource( 2 )]
transform = Transform( 0.960711, -0.265168, -0.0819791, 0.249662, 0.954661, -0.162144, 0.121258, 0.135306, 0.983356, -203.368, 24.3885, -239.078 )

[node name="BlueTree580" type="Spatial" parent="AssetDistributor" instance=ExtResource( 12 )]
transform = Transform( 0.314391, -0.126467, -0.940832, -0.0818802, 0.98378, -0.159602, 0.945756, 0.127213, 0.298936, -310.209, 17.4954, -135.6 )

[node name="BlueTree581" type="Spatial" parent="AssetDistributor" instance=ExtResource( 2 )]
transform = Transform( -0.49959, -0.0468546, -0.864994, 0.205197, 0.963717, -0.170717, 0.841608, -0.262782, -0.471849, -71.0504, 11.0195, -240.063 )

[node name="BlueTree582" type="Spatial" parent="AssetDistributor" instance=ExtResource( 2 )]
transform = Transform( -0.90501, 0.271579, -0.327418, 0.192652, 0.947895, 0.253733, 0.379267, 0.166553, -0.910174, -301.175, 12.4193, -475.015 )

[node name="BlueTree583" type="Spatial" parent="AssetDistributor" instance=ExtResource( 12 )]
transform = Transform( -0.977237, -0.0609331, 0.203214, -0.0928399, 0.984107, -0.151377, -0.19076, -0.166797, -0.967362, -472.981, 15.1454, 138.328 )

[node name="BlueTree584" type="Spatial" parent="AssetDistributor" instance=ExtResource( 11 )]
transform = Transform( -0.954883, 0.215402, -0.204451, 0.221478, 0.97514, -0.00703803, 0.197853, -0.052002, -0.978851, -95.1365, 21.2748, 243.698 )

[node name="BlueTree585" type="Spatial" parent="AssetDistributor" instance=ExtResource( 12 )]
transform = Transform( 0.410757, 0.0148794, 0.911623, -0.158099, 0.985882, 0.0551446, -0.897933, -0.166778, 0.407311, -398.584, 24.2074, 118.14 )

[node name="BlueTree586" type="Spatial" parent="AssetDistributor" instance=ExtResource( 12 )]
transform = Transform( -0.615286, -0.205245, -0.761116, -0.010063, 0.967477, -0.252758, 0.78824, -0.147859, -0.59734, 51.8191, 24.2907, -422.248 )

[node name="BlueTree587" type="Spatial" parent="AssetDistributor" instance=ExtResource( 13 )]
transform = Transform( -0.774638, 0.130569, 0.618779, 0.130645, 0.990388, -0.0454295, -0.618763, 0.0456491, -0.78425, 72.9698, 8.92547, -328.126 )

[node name="BlueTree588" type="Spatial" parent="AssetDistributor" instance=ExtResource( 12 )]
transform = Transform( -0.849121, 0.0823673, 0.521737, 0.03322, 0.994139, -0.102881, -0.527153, -0.0700262, -0.84688, -492.899, 21.6848, -332.839 )

[node name="BlueTree589" type="Spatial" parent="AssetDistributor" instance=ExtResource( 14 )]
transform = Transform( 0.541345, -0.162294, 0.824989, 0.11436, 0.986288, 0.118985, -0.832987, 0.029934, 0.552482, -191.974, 22.1216, 334.158 )

[node name="BlueTree590" type="Spatial" parent="AssetDistributor" instance=ExtResource( 11 )]
transform = Transform( -0.348668, -0.297221, 0.88887, -0.220773, 0.947744, 0.230307, -0.910873, -0.115938, -0.396066, -326.935, 17.7256, 343.891 )

[node name="BlueTree591" type="Spatial" parent="AssetDistributor" instance=ExtResource( 2 )]
transform = Transform( 0.986047, -0.159336, -0.0482079, 0.14228, 0.956994, -0.252822, 0.0864182, 0.242436, 0.966311, -12.6183, 21.0238, 211.445 )

[node name="BlueTree592" type="Spatial" parent="AssetDistributor" instance=ExtResource( 13 )]
transform = Transform( 0.255762, -0.166779, 0.952245, 0.0647376, 0.98575, 0.15526, -0.96457, 0.0219365, 0.262914, 13.131, 12.0342, 39.4496 )

[node name="BlueTree593" type="Spatial" parent="AssetDistributor" instance=ExtResource( 13 )]
transform = Transform( 0.0405069, -0.24888, 0.967687, 0.0241446, 0.968443, 0.248064, -0.998888, 0.0133162, 0.0452377, -15.2515, 8.92228, 277.446 )

[node name="Bush14" type="Spatial" parent="AssetDistributor" instance=ExtResource( 3 )]
transform = Transform( -0.978438, -0.139037, 0.152737, -0.136755, 0.990279, 0.0253984, -0.154784, 0.0039632, -0.98794, 35.2938, 21.3533, 170.515 )

[node name="BlueTree594" type="Spatial" parent="AssetDistributor" instance=ExtResource( 2 )]
transform = Transform( 0.677681, 0.0431322, 0.73409, 0.0229705, 0.996549, -0.0797587, -0.734997, 0.0709133, 0.674352, 284.557, 10.1152, 69.0246 )

[node name="BlueTree595" type="Spatial" parent="AssetDistributor" instance=ExtResource( 13 )]
transform = Transform( 0.657723, 0.0255594, -0.752826, 0.01405, 0.998834, 0.0461868, 0.753129, -0.0409553, 0.656597, 209.423, 16.5114, 64.9441 )

[node name="BlueTree596" type="Spatial" parent="AssetDistributor" instance=ExtResource( 13 )]
transform = Transform( 0.239502, 0.217983, 0.946109, -0.0489815, 0.975942, -0.212457, -0.96966, 0.00454195, 0.244417, 301.401, 11.3187, -484.43 )

[node name="BlueTree597" type="Spatial" parent="AssetDistributor" instance=ExtResource( 14 )]
transform = Transform( -0.754468, 0.0782311, -0.651657, -0.091373, 0.970683, 0.222319, 0.649945, 0.227276, -0.725201, -379.216, 14.9281, 168.092 )

[node name="BlueTree598" type="Spatial" parent="AssetDistributor" instance=ExtResource( 11 )]
transform = Transform( -0.339062, -0.0663643, -0.93842, 0.0360782, 0.995858, -0.0834616, 0.940072, -0.0621551, -0.335263, 348.864, 19.4793, 428.757 )

[node name="BlueTree599" type="Spatial" parent="AssetDistributor" instance=ExtResource( 11 )]
transform = Transform( -0.923963, 0.0119538, 0.382294, 0.0553918, 0.993156, 0.102821, -0.378449, 0.116179, -0.918302, 346.569, 8.25536, 44.8585 )

[node name="Rock10" type="Spatial" parent="AssetDistributor" instance=ExtResource( 4 )]
transform = Transform( 0.0750012, 0.153172, 0.985349, 0.210948, 0.963332, -0.165807, -0.974616, 0.220293, 0.0399397, -347.72, 14.0262, -284.796 )

[node name="BlueTree600" type="Spatial" parent="AssetDistributor" instance=ExtResource( 11 )]
transform = Transform( 0.777109, -0.0685714, -0.625619, 0.251581, 0.945018, 0.20892, 0.576896, -0.319747, 0.751634, 65.7846, 35.2017, -490.702 )

[node name="Bush15" type="Spatial" parent="AssetDistributor" instance=ExtResource( 3 )]
transform = Transform( 0.693117, 0.196638, 0.693486, -0.101666, 0.979123, -0.176019, -0.71362, 0.0514982, 0.698638, -152.58, 30.599, 412.567 )

[node name="BlueTree601" type="Spatial" parent="AssetDistributor" instance=ExtResource( 12 )]
transform = Transform( 0.0943332, -0.28424, -0.954101, 0.223207, 0.940015, -0.257974, 0.970196, -0.188626, 0.152119, 492.758, 18.4025, -227.424 )

[node name="BlueTree602" type="Spatial" parent="AssetDistributor" instance=ExtResource( 14 )]
transform = Transform( -0.438452, -0.0188291, 0.898558, -0.09782, 0.994841, -0.0268846, -0.893416, -0.0996845, -0.438031, 489.462, 14.4805, 445.679 )

[node name="Rock11" type="Spatial" parent="AssetDistributor" instance=ExtResource( 4 )]
transform = Transform( -0.938506, -0.146386, -0.312695, -0.168282, 0.984754, 0.0440662, 0.301477, 0.0939772, -0.948831, -325.686, 14.1553, -295.257 )

[node name="BlueTree603" type="Spatial" parent="AssetDistributor" instance=ExtResource( 2 )]
transform = Transform( -0.153869, -0.0041378, -0.988083, -0.188681, 0.981713, 0.0252713, 0.969909, 0.190321, -0.151836, -386.101, 28.9515, 48.4876 )

[node name="BlueTree604" type="Spatial" parent="AssetDistributor" instance=ExtResource( 2 )]
transform = Transform( 0.604662, -0.232979, -0.761646, 0.232206, 0.966286, -0.11123, 0.761882, -0.109602, 0.638375, 276.396, 11.8085, -421.182 )

[node name="Bush16" type="Spatial" parent="AssetDistributor" instance=ExtResource( 3 )]
transform = Transform( 0.984301, 0.162566, -0.0687346, -0.173538, 0.962429, -0.20884, 0.0322018, 0.21749, 0.975531, -57.1057, 26.3193, -118.492 )

[node name="BlueTree605" type="Spatial" parent="AssetDistributor" instance=ExtResource( 2 )]
transform = Transform( 0.779384, 0.19245, 0.596258, -0.132899, 0.980782, -0.142844, -0.612289, 0.0320884, 0.789983, 468.606, 22.0799, -234.284 )

[node name="BlueTree606" type="Spatial" parent="AssetDistributor" instance=ExtResource( 12 )]
transform = Transform( 0.950995, -0.192329, 0.24211, 0.182656, 0.98122, 0.0620059, -0.249488, -0.0147446, 0.968266, 192.092, 6.5113, -316.656 )

[node name="BlueTree607" type="Spatial" parent="AssetDistributor" instance=ExtResource( 14 )]
