[gd_scene load_steps=4 format=2]

[ext_resource path="res://source/environment/EmalethLandscape.tscn" type="PackedScene" id=1]
[ext_resource path="res://source/environment/nature/trees/tree01.tscn" type="PackedScene" id=2]
[ext_resource path="res://source/environment/nature/trees/tree02.tscn" type="PackedScene" id=3]

[node name="W" type="Node"]

[node name="DirectionalLight" type="DirectionalLight" parent="."]
transform = Transform( 1, 0, 0, 0, 0.757485, 0.652852, 0, -0.652852, 0.757485, 0, 0, 0 )
light_color = Color( 0.95028, 0.988281, 0.501862, 1 )
light_energy = 0.3
shadow_enabled = true

[node name="EmalethLandscape" parent="." instance=ExtResource( 1 )]

[node name="Trees" type="Node" parent="."]

[node name="tree01" parent="Trees" instance=ExtResource( 2 )]
transform = Transform( 0.946852, 0, 0.321671, 0, 1, 0, -0.321671, 0, 0.946852, 72.5121, 6.24344, -297.796 )

[node name="tree05" parent="Trees" instance=ExtResource( 2 )]
transform = Transform( 0.946852, 0, 0.321671, 0, 1, 0, -0.321671, 0, 0.946852, 80.4076, 4.79382, -306.08 )

[node name="tree06" parent="Trees" instance=ExtResource( 2 )]
transform = Transform( 0.946852, 0, 0.321671, 0, 1, 0, -0.321671, 0, 0.946852, 73.0453, 5.39403, -309.117 )

[node name="tree02" parent="Trees" instance=ExtResource( 3 )]
transform = Transform( 0.946852, 0, 0.321671, 0, 1, 0, -0.321671, 0, 0.946852, 66.4912, 6.47404, -304.357 )

[node name="tree04" parent="Trees" instance=ExtResource( 3 )]
transform = Transform( 0.946852, 0, 0.321671, 0, 1, 0, -0.321671, 0, 0.946852, 71.9289, 4.54591, -316.789 )

[node name="tree03" parent="Trees" instance=ExtResource( 2 )]
transform = Transform( 0.946852, 0, 0.321671, 0, 1, 0, -0.321671, 0, 0.946852, 88.0115, 5.76445, -290.836 )

[node name="tree07" parent="Trees" instance=ExtResource( 2 )]
transform = Transform( 0.946852, 0, 0.321671, 0, 1, 0, -0.321671, 0, 0.946852, 95.907, 4.48047, -299.12 )

[node name="tree08" parent="Trees" instance=ExtResource( 2 )]
transform = Transform( 0.946852, 0, 0.321671, 0, 1, 0, -0.321671, 0, 0.946852, 88.5447, 4.50652, -302.157 )

[node name="tree09" parent="Trees" instance=ExtResource( 3 )]
transform = Transform( 0.946852, 0, 0.321671, 0, 1, 0, -0.321671, 0, 0.946852, 81.9906, 5.3519, -297.397 )

[node name="tree10" parent="Trees" instance=ExtResource( 3 )]
transform = Transform( 0.946852, 0, 0.321671, 0, 1, 0, -0.321671, 0, 0.946852, 87.4283, 3.90185, -309.829 )

[node name="tree11" parent="Trees" instance=ExtResource( 2 )]
transform = Transform( 0.946852, 0, 0.321671, 0, 1, 0, -0.321671, 0, 0.946852, 62.2689, 8.81741, -276.471 )

[node name="tree12" parent="Trees" instance=ExtResource( 2 )]
transform = Transform( 0.946852, 0, 0.321671, 0, 1, 0, -0.321671, 0, 0.946852, 70.1644, 7.61381, -284.755 )

[node name="tree13" parent="Trees" instance=ExtResource( 2 )]
transform = Transform( 0.946852, 0, 0.321671, 0, 1, 0, -0.321671, 0, 0.946852, 62.8021, 7.93493, -287.792 )

[node name="tree14" parent="Trees" instance=ExtResource( 3 )]
transform = Transform( 0.946852, 0, 0.321671, 0, 1, 0, -0.321671, 0, 0.946852, 56.248, 8.6131, -283.032 )

[node name="tree15" parent="Trees" instance=ExtResource( 3 )]
transform = Transform( 0.946852, 0, 0.321671, 0, 1, 0, -0.321671, 0, 0.946852, 61.6857, 7.41316, -295.464 )

[node name="tree16" parent="Trees" instance=ExtResource( 2 )]
transform = Transform( 0.946852, 0, 0.321671, 0, 1, 0, -0.321671, 0, 0.946852, 77.7683, 8.49546, -269.511 )

[node name="tree17" parent="Trees" instance=ExtResource( 2 )]
transform = Transform( 0.946852, 0, 0.321671, 0, 1, 0, -0.321671, 0, 0.946852, 85.6638, 7.16746, -277.795 )

[node name="tree18" parent="Trees" instance=ExtResource( 2 )]
transform = Transform( 0.946852, 0, 0.321671, 0, 1, 0, -0.321671, 0, 0.946852, 78.3015, 7.07908, -280.832 )

[node name="tree19" parent="Trees" instance=ExtResource( 3 )]
transform = Transform( 0.946852, 0, 0.321671, 0, 1, 0, -0.321671, 0, 0.946852, 71.7474, 8.06469, -276.072 )

[node name="tree20" parent="Trees" instance=ExtResource( 3 )]
transform = Transform( 0.946852, 0, 0.321671, 0, 1, 0, -0.321671, 0, 0.946852, 77.1851, 6.51833, -288.505 )

[node name="tree21" parent="Trees" instance=ExtResource( 2 )]
transform = Transform( 0.946852, 0, 0.321671, 0, 1, 0, -0.321671, 0, 0.946852, 51.3648, 3.21146, -333.085 )

[node name="tree22" parent="Trees" instance=ExtResource( 2 )]
transform = Transform( 0.946852, 0, 0.321671, 0, 1, 0, -0.321671, 0, 0.946852, 59.2603, 2.43674, -341.369 )

[node name="tree23" parent="Trees" instance=ExtResource( 2 )]
transform = Transform( 0.946852, 0, 0.321671, 0, 1, 0, -0.321671, 0, 0.946852, 51.898, 2.03311, -344.406 )

[node name="tree24" parent="Trees" instance=ExtResource( 3 )]
transform = Transform( 0.946852, 0, 0.321671, 0, 1, 0, -0.321671, 0, 0.946852, 45.3439, 2.21484, -339.646 )

[node name="tree25" parent="Trees" instance=ExtResource( 3 )]
transform = Transform( 0.946852, 0, 0.321671, 0, 1, 0, -0.321671, 0, 0.946852, 50.7816, 1.47182, -352.078 )

[node name="tree26" parent="Trees" instance=ExtResource( 2 )]
transform = Transform( 0.946852, 0, 0.321671, 0, 1, 0, -0.321671, 0, 0.946852, 66.8642, 3.73141, -326.125 )

[node name="tree27" parent="Trees" instance=ExtResource( 2 )]
transform = Transform( 0.946852, 0, 0.321671, 0, 1, 0, -0.321671, 0, 0.946852, 74.7597, 2.62819, -334.409 )

[node name="tree28" parent="Trees" instance=ExtResource( 2 )]
transform = Transform( 0.946852, 0, 0.321671, 0, 1, 0, -0.321671, 0, 0.946852, 67.3974, 2.65101, -337.446 )

[node name="tree29" parent="Trees" instance=ExtResource( 3 )]
transform = Transform( 0.946852, 0, 0.321671, 0, 1, 0, -0.321671, 0, 0.946852, 60.8432, 3.28823, -332.686 )

[node name="tree30" parent="Trees" instance=ExtResource( 3 )]
transform = Transform( 0.946852, 0, 0.321671, 0, 1, 0, -0.321671, 0, 0.946852, 66.281, 2.10454, -345.119 )

[node name="tree31" parent="Trees" instance=ExtResource( 2 )]
transform = Transform( 0.946852, 0, 0.321671, 0, 1, 0, -0.321671, 0, 0.946852, 41.1216, 7.42018, -311.76 )

[node name="tree32" parent="Trees" instance=ExtResource( 2 )]
transform = Transform( 0.946852, 0, 0.321671, 0, 1, 0, -0.321671, 0, 0.946852, 49.0171, 5.31614, -320.044 )

[node name="tree33" parent="Trees" instance=ExtResource( 2 )]
transform = Transform( 0.946852, 0, 0.321671, 0, 1, 0, -0.321671, 0, 0.946852, 41.6548, 4.46163, -323.081 )

[node name="tree34" parent="Trees" instance=ExtResource( 3 )]
transform = Transform( 0.946852, 0, 0.321671, 0, 1, 0, -0.321671, 0, 0.946852, 35.1007, 5.34148, -318.321 )

[node name="tree35" parent="Trees" instance=ExtResource( 3 )]
transform = Transform( 0.946852, 0, 0.321671, 0, 1, 0, -0.321671, 0, 0.946852, 40.5384, 3.03108, -330.754 )

[node name="tree36" parent="Trees" instance=ExtResource( 2 )]
transform = Transform( 0.946852, 0, 0.321671, 0, 1, 0, -0.321671, 0, 0.946852, 56.621, 7.37479, -304.801 )

[node name="tree37" parent="Trees" instance=ExtResource( 2 )]
transform = Transform( 0.946852, 0, 0.321671, 0, 1, 0, -0.321671, 0, 0.946852, 64.5165, 5.71674, -313.085 )

[node name="tree38" parent="Trees" instance=ExtResource( 2 )]
transform = Transform( 0.946852, 0, 0.321671, 0, 1, 0, -0.321671, 0, 0.946852, 57.1542, 5.80994, -316.122 )

[node name="tree39" parent="Trees" instance=ExtResource( 3 )]
transform = Transform( 0.946852, 0, 0.321671, 0, 1, 0, -0.321671, 0, 0.946852, 50.6001, 7.04211, -311.362 )

[node name="tree40" parent="Trees" instance=ExtResource( 3 )]
transform = Transform( 0.946852, 0, 0.321671, 0, 1, 0, -0.321671, 0, 0.946852, 56.0378, 4.55672, -323.794 )

[node name="tree41" parent="Trees" instance=ExtResource( 2 )]
transform = Transform( -0.861594, 0, -0.507599, 0, 1, 0, 0.507599, 0, -0.861594, 92.0508, 2.02863, -330.329 )

[node name="tree42" parent="Trees" instance=ExtResource( 2 )]
transform = Transform( -0.861594, 0, -0.507599, 0, 1, 0, 0.507599, 0, -0.861594, 86.0061, 3.04906, -320.612 )

[node name="tree43" parent="Trees" instance=ExtResource( 2 )]
transform = Transform( -0.861594, 0, -0.507599, 0, 1, 0, 0.507599, 0, -0.861594, 93.8323, 2.64996, -319.137 )

[node name="tree44" parent="Trees" instance=ExtResource( 3 )]
transform = Transform( -0.861594, 0, -0.507599, 0, 1, 0, 0.507599, 0, -0.861594, 99.2808, 1.95272, -325.131 )

[node name="tree45" parent="Trees" instance=ExtResource( 3 )]
transform = Transform( -0.861594, 0, -0.507599, 0, 1, 0, 0.507599, 0, -0.861594, 96.4864, 3.15288, -311.852 )

[node name="tree46" parent="Trees" instance=ExtResource( 2 )]
transform = Transform( -0.861594, 0, -0.507599, 0, 1, 0, 0.507599, 0, -0.861594, 75.4596, 2.6331, -333.99 )

[node name="tree48" parent="Trees" instance=ExtResource( 2 )]
transform = Transform( -0.861594, 0, -0.507599, 0, 1, 0, 0.507599, 0, -0.861594, 77.241, 3.43086, -322.797 )

[node name="tree49" parent="Trees" instance=ExtResource( 3 )]
transform = Transform( -0.861594, 0, -0.507599, 0, 1, 0, 0.507599, 0, -0.861594, 82.6896, 2.70602, -328.791 )

[node name="tree50" parent="Trees" instance=ExtResource( 3 )]
transform = Transform( -0.861594, 0, -0.507599, 0, 1, 0, 0.507599, 0, -0.861594, 79.8952, 3.97458, -315.512 )

[node name="tree51" parent="Trees" instance=ExtResource( 2 )]
transform = Transform( -0.861594, 0, -0.507599, 0, 1, 0, 0.507599, 0, -0.861594, 97.7408, 0.822659, -353.292 )

[node name="tree52" parent="Trees" instance=ExtResource( 2 )]
transform = Transform( -0.861594, 0, -0.507599, 0, 1, 0, 0.507599, 0, -0.861594, 91.6961, 1.39481, -343.575 )

[node name="tree53" parent="Trees" instance=ExtResource( 2 )]
transform = Transform( -0.861594, 0, -0.507599, 0, 1, 0, 0.507599, 0, -0.861594, 99.5222, 1.15416, -342.099 )

[node name="tree54" parent="Trees" instance=ExtResource( 3 )]
transform = Transform( -0.861594, 0, -0.507599, 0, 1, 0, 0.507599, 0, -0.861594, 104.971, 0.800751, -348.094 )

[node name="tree55" parent="Trees" instance=ExtResource( 3 )]
transform = Transform( -0.861594, 0, -0.507599, 0, 1, 0, 0.507599, 0, -0.861594, 102.176, 1.36951, -334.815 )

[node name="tree56" parent="Trees" instance=ExtResource( 2 )]
transform = Transform( -0.861594, 0, -0.507599, 0, 1, 0, 0.507599, 0, -0.861594, 81.1496, 1.19155, -356.953 )

[node name="tree57" parent="Trees" instance=ExtResource( 2 )]
transform = Transform( -0.861594, 0, -0.507599, 0, 1, 0, 0.507599, 0, -0.861594, 75.1048, 1.80849, -347.235 )

[node name="tree58" parent="Trees" instance=ExtResource( 2 )]
transform = Transform( -0.861594, 0, -0.507599, 0, 1, 0, 0.507599, 0, -0.861594, 82.931, 1.65936, -345.76 )

[node name="tree59" parent="Trees" instance=ExtResource( 3 )]
transform = Transform( -0.861594, 0, -0.507599, 0, 1, 0, 0.507599, 0, -0.861594, 88.3795, 1.16984, -351.754 )

[node name="tree60" parent="Trees" instance=ExtResource( 3 )]
transform = Transform( -0.861594, 0, -0.507599, 0, 1, 0, 0.507599, 0, -0.861594, 85.5851, 1.96656, -338.475 )

[node name="tree61" parent="Trees" instance=ExtResource( 2 )]
transform = Transform( -0.861594, 0, -0.507599, 0, 1, 0, 0.507599, 0, -0.861594, 119.936, 3.98722, -300.081 )

[node name="tree62" parent="Trees" instance=ExtResource( 2 )]
transform = Transform( -0.861594, 0, -0.507599, 0, 1, 0, 0.507599, 0, -0.861594, 113.891, 5.89545, -290.364 )

[node name="tree63" parent="Trees" instance=ExtResource( 2 )]
transform = Transform( -0.861594, 0, -0.507599, 0, 1, 0, 0.507599, 0, -0.861594, 121.718, 6.24704, -288.888 )

[node name="tree64" parent="Trees" instance=ExtResource( 3 )]
transform = Transform( -0.861594, 0, -0.507599, 0, 1, 0, 0.507599, 0, -0.861594, 127.166, 5.08142, -294.883 )

[node name="tree65" parent="Trees" instance=ExtResource( 3 )]
transform = Transform( -0.861594, 0, -0.507599, 0, 1, 0, 0.507599, 0, -0.861594, 124.372, 7.81003, -281.604 )

[node name="tree66" parent="Trees" instance=ExtResource( 2 )]
transform = Transform( -0.861594, 0, -0.507599, 0, 1, 0, 0.507599, 0, -0.861594, 103.345, 3.68517, -303.742 )

[node name="tree67" parent="Trees" instance=ExtResource( 2 )]
transform = Transform( -0.861594, 0, -0.507599, 0, 1, 0, 0.507599, 0, -0.861594, 97.3001, 5.08716, -294.024 )

[node name="tree68" parent="Trees" instance=ExtResource( 2 )]
transform = Transform( -0.861594, 0, -0.507599, 0, 1, 0, 0.507599, 0, -0.861594, 105.126, 5.2751, -292.549 )

[node name="tree69" parent="Trees" instance=ExtResource( 3 )]
transform = Transform( -0.861594, 0, -0.507599, 0, 1, 0, 0.507599, 0, -0.861594, 110.575, 4.22766, -298.543 )

[node name="tree70" parent="Trees" instance=ExtResource( 3 )]
transform = Transform( -0.861594, 0, -0.507599, 0, 1, 0, 0.507599, 0, -0.861594, 107.78, 6.65402, -285.264 )

[node name="tree71" parent="Trees" instance=ExtResource( 2 )]
transform = Transform( -0.861594, 0, -0.507599, 0, 1, 0, 0.507599, 0, -0.861594, 125.626, 1.48854, -323.044 )

[node name="tree72" parent="Trees" instance=ExtResource( 2 )]
transform = Transform( -0.861594, 0, -0.507599, 0, 1, 0, 0.507599, 0, -0.861594, 119.581, 2.38998, -313.327 )

[node name="tree73" parent="Trees" instance=ExtResource( 2 )]
transform = Transform( -0.861594, 0, -0.507599, 0, 1, 0, 0.507599, 0, -0.861594, 127.408, 2.40998, -311.851 )

[node name="tree74" parent="Trees" instance=ExtResource( 3 )]
transform = Transform( -0.861594, 0, -0.507599, 0, 1, 0, 0.507599, 0, -0.861594, 132.856, 1.70982, -317.845 )

[node name="tree75" parent="Trees" instance=ExtResource( 3 )]
transform = Transform( -0.861594, 0, -0.507599, 0, 1, 0, 0.507599, 0, -0.861594, 130.062, 3.29679, -304.567 )

[node name="tree76" parent="Trees" instance=ExtResource( 2 )]
transform = Transform( -0.861594, 0, -0.507599, 0, 1, 0, 0.507599, 0, -0.861594, 109.035, 1.64008, -326.704 )

[node name="tree77" parent="Trees" instance=ExtResource( 2 )]
transform = Transform( -0.861594, 0, -0.507599, 0, 1, 0, 0.507599, 0, -0.861594, 102.99, 2.39147, -316.987 )

[node name="tree78" parent="Trees" instance=ExtResource( 2 )]
transform = Transform( -0.861594, 0, -0.507599, 0, 1, 0, 0.507599, 0, -0.861594, 110.816, 2.32133, -315.512 )

[node name="tree79" parent="Trees" instance=ExtResource( 3 )]
transform = Transform( -0.861594, 0, -0.507599, 0, 1, 0, 0.507599, 0, -0.861594, 116.265, 1.80352, -321.506 )

[node name="tree80" parent="Trees" instance=ExtResource( 3 )]
transform = Transform( -0.861594, 0, -0.507599, 0, 1, 0, 0.507599, 0, -0.861594, 113.47, 2.93715, -308.227 )

[node name="tree47" parent="Trees" instance=ExtResource( 2 )]
transform = Transform( 0.946852, 0, 0.321671, 0, 1, 0, -0.321671, 0, 0.946852, 136.541, 17.2174, -225.024 )

[node name="tree81" parent="Trees" instance=ExtResource( 2 )]
transform = Transform( 0.946852, 0, 0.321671, 0, 1, 0, -0.321671, 0, 0.946852, 144.436, 21.4719, -233.308 )

[node name="tree82" parent="Trees" instance=ExtResource( 2 )]
transform = Transform( 0.946852, 0, 0.321671, 0, 1, 0, -0.321671, 0, 0.946852, 137.074, 20.6962, -236.346 )

[node name="tree83" parent="Trees" instance=ExtResource( 3 )]
transform = Transform( 0.946852, 0, 0.321671, 0, 1, 0, -0.321671, 0, 0.946852, 130.52, 18.3848, -231.585 )

[node name="tree84" parent="Trees" instance=ExtResource( 3 )]
transform = Transform( 0.946852, 0, 0.321671, 0, 1, 0, -0.321671, 0, 0.946852, 135.958, 20.916, -244.018 )

[node name="tree85" parent="Trees" instance=ExtResource( 2 )]
transform = Transform( 0.946852, 0, 0.321671, 0, 1, 0, -0.321671, 0, 0.946852, 152.04, 15.8526, -218.065 )

[node name="tree86" parent="Trees" instance=ExtResource( 2 )]
transform = Transform( 0.946852, 0, 0.321671, 0, 1, 0, -0.321671, 0, 0.946852, 159.936, 21.2837, -226.349 )

[node name="tree87" parent="Trees" instance=ExtResource( 2 )]
transform = Transform( 0.946852, 0, 0.321671, 0, 1, 0, -0.321671, 0, 0.946852, 152.574, 21.6242, -229.386 )

[node name="tree88" parent="Trees" instance=ExtResource( 3 )]
transform = Transform( 0.946852, 0, 0.321671, 0, 1, 0, -0.321671, 0, 0.946852, 146.019, 18.1369, -224.626 )

[node name="tree89" parent="Trees" instance=ExtResource( 3 )]
transform = Transform( 0.946852, 0, 0.321671, 0, 1, 0, -0.321671, 0, 0.946852, 151.457, 24.0885, -237.058 )

[node name="tree90" parent="Trees" instance=ExtResource( 2 )]
transform = Transform( 0.946852, 0, 0.321671, 0, 1, 0, -0.321671, 0, 0.946852, 126.298, 11.2685, -203.7 )

[node name="tree91" parent="Trees" instance=ExtResource( 2 )]
transform = Transform( 0.946852, 0, 0.321671, 0, 1, 0, -0.321671, 0, 0.946852, 134.193, 12.3954, -211.984 )

[node name="tree92" parent="Trees" instance=ExtResource( 2 )]
transform = Transform( 0.946852, 0, 0.321671, 0, 1, 0, -0.321671, 0, 0.946852, 126.831, 13.4384, -215.021 )

[node name="tree93" parent="Trees" instance=ExtResource( 3 )]
transform = Transform( 0.946852, 0, 0.321671, 0, 1, 0, -0.321671, 0, 0.946852, 120.277, 12.9936, -210.261 )

[node name="tree94" parent="Trees" instance=ExtResource( 3 )]
transform = Transform( 0.946852, 0, 0.321671, 0, 1, 0, -0.321671, 0, 0.946852, 125.715, 15.3979, -222.693 )

[node name="tree95" parent="Trees" instance=ExtResource( 2 )]
transform = Transform( 0.946852, 0, 0.321671, 0, 1, 0, -0.321671, 0, 0.946852, 141.797, 7.89909, -196.74 )

[node name="tree96" parent="Trees" instance=ExtResource( 2 )]
transform = Transform( 0.946852, 0, 0.321671, 0, 1, 0, -0.321671, 0, 0.946852, 149.693, 10.2062, -205.024 )

[node name="tree97" parent="Trees" instance=ExtResource( 2 )]
transform = Transform( 0.946852, 0, 0.321671, 0, 1, 0, -0.321671, 0, 0.946852, 142.33, 11.2143, -208.061 )

[node name="tree98" parent="Trees" instance=ExtResource( 3 )]
transform = Transform( 0.946852, 0, 0.321671, 0, 1, 0, -0.321671, 0, 0.946852, 135.776, 10.0613, -203.301 )

[node name="tree99" parent="Trees" instance=ExtResource( 3 )]
transform = Transform( 0.946852, 0, 0.321671, 0, 1, 0, -0.321671, 0, 0.946852, 141.214, 13.8257, -215.733 )

[node name="tree100" parent="Trees" instance=ExtResource( 2 )]
transform = Transform( 0.946852, 0, 0.321671, 0, 1, 0, -0.321671, 0, 0.946852, 115.394, 13.5929, -260.314 )

[node name="tree101" parent="Trees" instance=ExtResource( 2 )]
transform = Transform( 0.946852, 0, 0.321671, 0, 1, 0, -0.321671, 0, 0.946852, 123.289, 12.2482, -268.598 )

[node name="tree102" parent="Trees" instance=ExtResource( 2 )]
transform = Transform( 0.946852, 0, 0.321671, 0, 1, 0, -0.321671, 0, 0.946852, 115.927, 10.5312, -271.635 )

[node name="tree103" parent="Trees" instance=ExtResource( 3 )]
transform = Transform( 0.946852, 0, 0.321671, 0, 1, 0, -0.321671, 0, 0.946852, 109.373, 10.8505, -266.875 )

[node name="tree104" parent="Trees" instance=ExtResource( 3 )]
transform = Transform( 0.946852, 0, 0.321671, 0, 1, 0, -0.321671, 0, 0.946852, 114.81, 8.29763, -279.307 )

[node name="tree105" parent="Trees" instance=ExtResource( 2 )]
transform = Transform( 0.946852, 0, 0.321671, 0, 1, 0, -0.321671, 0, 0.946852, 130.893, 18.4528, -253.354 )

[node name="tree106" parent="Trees" instance=ExtResource( 2 )]
transform = Transform( 0.946852, 0, 0.321671, 0, 1, 0, -0.321671, 0, 0.946852, 138.788, 17.6604, -261.638 )

[node name="tree107" parent="Trees" instance=ExtResource( 2 )]
transform = Transform( 0.946852, 0, 0.321671, 0, 1, 0, -0.321671, 0, 0.946852, 131.426, 15.0641, -264.675 )

[node name="tree108" parent="Trees" instance=ExtResource( 3 )]
transform = Transform( 0.946852, 0, 0.321671, 0, 1, 0, -0.321671, 0, 0.946852, 124.872, 15.7042, -259.915 )

[node name="tree109" parent="Trees" instance=ExtResource( 3 )]
transform = Transform( 0.946852, 0, 0.321671, 0, 1, 0, -0.321671, 0, 0.946852, 130.31, 11.2117, -272.347 )

[node name="tree110" parent="Trees" instance=ExtResource( 2 )]
transform = Transform( 0.946852, 0, 0.321671, 0, 1, 0, -0.321671, 0, 0.946852, 105.15, 13.9738, -238.989 )

[node name="tree111" parent="Trees" instance=ExtResource( 2 )]
transform = Transform( 0.946852, 0, 0.321671, 0, 1, 0, -0.321671, 0, 0.946852, 113.046, 14.1251, -247.273 )

[node name="tree112" parent="Trees" instance=ExtResource( 2 )]
transform = Transform( 0.946852, 0, 0.321671, 0, 1, 0, -0.321671, 0, 0.946852, 105.684, 12.0233, -250.31 )

[node name="tree113" parent="Trees" instance=ExtResource( 3 )]
transform = Transform( 0.946852, 0, 0.321671, 0, 1, 0, -0.321671, 0, 0.946852, 99.1295, 12.4247, -245.55 )

[node name="tree114" parent="Trees" instance=ExtResource( 3 )]
transform = Transform( 0.946852, 0, 0.321671, 0, 1, 0, -0.321671, 0, 0.946852, 104.567, 11.2489, -257.982 )

[node name="tree115" parent="Trees" instance=ExtResource( 2 )]
transform = Transform( 0.946852, 0, 0.321671, 0, 1, 0, -0.321671, 0, 0.946852, 120.65, 16.4539, -232.029 )

[node name="tree116" parent="Trees" instance=ExtResource( 2 )]
transform = Transform( 0.946852, 0, 0.321671, 0, 1, 0, -0.321671, 0, 0.946852, 128.545, 18.8509, -240.313 )

[node name="tree117" parent="Trees" instance=ExtResource( 2 )]
transform = Transform( 0.946852, 0, 0.321671, 0, 1, 0, -0.321671, 0, 0.946852, 121.183, 16.5466, -243.35 )

[node name="tree118" parent="Trees" instance=ExtResource( 3 )]
transform = Transform( 0.946852, 0, 0.321671, 0, 1, 0, -0.321671, 0, 0.946852, 114.629, 15.3026, -238.59 )

[node name="tree119" parent="Trees" instance=ExtResource( 3 )]
transform = Transform( 0.946852, 0, 0.321671, 0, 1, 0, -0.321671, 0, 0.946852, 120.067, 15.8238, -251.023 )

[node name="tree120" parent="Trees" instance=ExtResource( 2 )]
transform = Transform( -0.861594, 0, -0.507599, 0, 1, 0, 0.507599, 0, -0.861594, 156.08, 22.9712, -257.558 )

[node name="tree121" parent="Trees" instance=ExtResource( 2 )]
transform = Transform( -0.861594, 0, -0.507599, 0, 1, 0, 0.507599, 0, -0.861594, 150.035, 24.7685, -247.841 )

[node name="tree122" parent="Trees" instance=ExtResource( 2 )]
transform = Transform( -0.861594, 0, -0.507599, 0, 1, 0, 0.507599, 0, -0.861594, 157.861, 25.4734, -246.365 )

[node name="tree123" parent="Trees" instance=ExtResource( 3 )]
transform = Transform( -0.861594, 0, -0.507599, 0, 1, 0, 0.507599, 0, -0.861594, 163.31, 24.2216, -252.359 )

[node name="tree124" parent="Trees" instance=ExtResource( 3 )]
transform = Transform( -0.861594, 0, -0.507599, 0, 1, 0, 0.507599, 0, -0.861594, 160.515, 25.045, -239.081 )

[node name="tree125" parent="Trees" instance=ExtResource( 2 )]
transform = Transform( -0.861594, 0, -0.507599, 0, 1, 0, 0.507599, 0, -0.861594, 139.488, 17.9726, -261.219 )

[node name="tree126" parent="Trees" instance=ExtResource( 2 )]
transform = Transform( -0.861594, 0, -0.507599, 0, 1, 0, 0.507599, 0, -0.861594, 141.27, 22.0742, -250.026 )

[node name="tree127" parent="Trees" instance=ExtResource( 3 )]
transform = Transform( -0.861594, 0, -0.507599, 0, 1, 0, 0.507599, 0, -0.861594, 146.718, 22.0007, -256.02 )

[node name="tree128" parent="Trees" instance=ExtResource( 3 )]
transform = Transform( -0.861594, 0, -0.507599, 0, 1, 0, 0.507599, 0, -0.861594, 143.924, 23.2352, -242.741 )

[node name="tree129" parent="Trees" instance=ExtResource( 2 )]
transform = Transform( -0.861594, 0, -0.507599, 0, 1, 0, 0.507599, 0, -0.861594, 161.77, 11.2809, -280.521 )

[node name="tree130" parent="Trees" instance=ExtResource( 2 )]
transform = Transform( -0.861594, 0, -0.507599, 0, 1, 0, 0.507599, 0, -0.861594, 155.725, 16.0874, -270.803 )

[node name="tree131" parent="Trees" instance=ExtResource( 2 )]
transform = Transform( -0.861594, 0, -0.507599, 0, 1, 0, 0.507599, 0, -0.861594, 163.551, 17.2564, -269.328 )

[node name="tree132" parent="Trees" instance=ExtResource( 3 )]
transform = Transform( -0.861594, 0, -0.507599, 0, 1, 0, 0.507599, 0, -0.861594, 169, 14.1854, -275.322 )

[node name="tree133" parent="Trees" instance=ExtResource( 3 )]
transform = Transform( -0.861594, 0, -0.507599, 0, 1, 0, 0.507599, 0, -0.861594, 166.205, 20.6749, -262.044 )

[node name="tree134" parent="Trees" instance=ExtResource( 2 )]
transform = Transform( -0.861594, 0, -0.507599, 0, 1, 0, 0.507599, 0, -0.861594, 145.178, 8.6582, -284.181 )

[node name="tree135" parent="Trees" instance=ExtResource( 2 )]
transform = Transform( -0.861594, 0, -0.507599, 0, 1, 0, 0.507599, 0, -0.861594, 139.134, 11.4236, -274.464 )

[node name="tree136" parent="Trees" instance=ExtResource( 2 )]
transform = Transform( -0.861594, 0, -0.507599, 0, 1, 0, 0.507599, 0, -0.861594, 146.96, 13.6966, -272.988 )

[node name="tree137" parent="Trees" instance=ExtResource( 3 )]
transform = Transform( -0.861594, 0, -0.507599, 0, 1, 0, 0.507599, 0, -0.861594, 152.408, 11.3459, -278.983 )

[node name="tree138" parent="Trees" instance=ExtResource( 3 )]
transform = Transform( -0.861594, 0, -0.507599, 0, 1, 0, 0.507599, 0, -0.861594, 149.614, 18.3034, -265.704 )

[node name="tree139" parent="Trees" instance=ExtResource( 2 )]
transform = Transform( -0.861594, 0, -0.507599, 0, 1, 0, 0.507599, 0, -0.861594, 183.965, 16.8489, -227.31 )

[node name="tree140" parent="Trees" instance=ExtResource( 2 )]
transform = Transform( -0.861594, 0, -0.507599, 0, 1, 0, 0.507599, 0, -0.861594, 177.92, 14.801, -217.593 )

[node name="tree141" parent="Trees" instance=ExtResource( 2 )]
transform = Transform( -0.861594, 0, -0.507599, 0, 1, 0, 0.507599, 0, -0.861594, 185.746, 13.6348, -216.117 )

[node name="tree142" parent="Trees" instance=ExtResource( 3 )]
transform = Transform( -0.861594, 0, -0.507599, 0, 1, 0, 0.507599, 0, -0.861594, 191.195, 14.6904, -222.111 )

[node name="tree143" parent="Trees" instance=ExtResource( 3 )]
transform = Transform( -0.861594, 0, -0.507599, 0, 1, 0, 0.507599, 0, -0.861594, 188.4, 11.0259, -208.833 )

[node name="tree144" parent="Trees" instance=ExtResource( 2 )]
transform = Transform( -0.861594, 0, -0.507599, 0, 1, 0, 0.507599, 0, -0.861594, 167.374, 22.2018, -230.97 )

[node name="tree145" parent="Trees" instance=ExtResource( 2 )]
transform = Transform( -0.861594, 0, -0.507599, 0, 1, 0, 0.507599, 0, -0.861594, 161.329, 18.572, -221.253 )

[node name="tree146" parent="Trees" instance=ExtResource( 2 )]
transform = Transform( -0.861594, 0, -0.507599, 0, 1, 0, 0.507599, 0, -0.861594, 169.155, 17.1301, -219.777 )

[node name="tree147" parent="Trees" instance=ExtResource( 3 )]
transform = Transform( -0.861594, 0, -0.507599, 0, 1, 0, 0.507599, 0, -0.861594, 174.604, 18.5814, -225.772 )

[node name="tree148" parent="Trees" instance=ExtResource( 3 )]
transform = Transform( -0.861594, 0, -0.507599, 0, 1, 0, 0.507599, 0, -0.861594, 171.809, 12.9814, -212.493 )

[node name="tree149" parent="Trees" instance=ExtResource( 2 )]
transform = Transform( -0.861594, 0, -0.507599, 0, 1, 0, 0.507599, 0, -0.861594, 189.655, 18.7258, -250.273 )

[node name="tree150" parent="Trees" instance=ExtResource( 2 )]
transform = Transform( -0.861594, 0, -0.507599, 0, 1, 0, 0.507599, 0, -0.861594, 183.61, 19.9638, -240.555 )

[node name="tree151" parent="Trees" instance=ExtResource( 2 )]
transform = Transform( -0.861594, 0, -0.507599, 0, 1, 0, 0.507599, 0, -0.861594, 191.436, 17.9013, -239.08 )

[node name="tree152" parent="Trees" instance=ExtResource( 3 )]
transform = Transform( -0.861594, 0, -0.507599, 0, 1, 0, 0.507599, 0, -0.861594, 196.885, 16.3056, -245.074 )

[node name="tree153" parent="Trees" instance=ExtResource( 3 )]
transform = Transform( -0.861594, 0, -0.507599, 0, 1, 0, 0.507599, 0, -0.861594, 194.09, 16.0624, -231.795 )

[node name="tree154" parent="Trees" instance=ExtResource( 2 )]
transform = Transform( -0.861594, 0, -0.507599, 0, 1, 0, 0.507599, 0, -0.861594, 173.064, 22.1722, -253.933 )

[node name="tree155" parent="Trees" instance=ExtResource( 2 )]
transform = Transform( -0.861594, 0, -0.507599, 0, 1, 0, 0.507599, 0, -0.861594, 167.019, 24.0857, -244.216 )

[node name="tree156" parent="Trees" instance=ExtResource( 2 )]
transform = Transform( -0.861594, 0, -0.507599, 0, 1, 0, 0.507599, 0, -0.861594, 174.845, 21.9857, -242.74 )

[node name="tree157" parent="Trees" instance=ExtResource( 3 )]
transform = Transform( -0.861594, 0, -0.507599, 0, 1, 0, 0.507599, 0, -0.861594, 180.294, 21.4657, -248.734 )

[node name="tree158" parent="Trees" instance=ExtResource( 3 )]
transform = Transform( -0.861594, 0, -0.507599, 0, 1, 0, 0.507599, 0, -0.861594, 177.499, 20.2082, -235.456 )

[node name="tree159" parent="Trees" instance=ExtResource( 2 )]
transform = Transform( -0.915129, 0, -0.403162, 0, 1, 0, 0.403162, 0, -0.915129, 212.655, 1.17336, -326.36 )

[node name="tree160" parent="Trees" instance=ExtResource( 2 )]
transform = Transform( -0.915129, 0, -0.403162, 0, 1, 0, 0.403162, 0, -0.915129, 205.513, 2.15685, -317.418 )

[node name="tree161" parent="Trees" instance=ExtResource( 2 )]
transform = Transform( -0.915129, 0, -0.403162, 0, 1, 0, 0.403162, 0, -0.915129, 213.112, 2.17447, -315.036 )

[node name="tree162" parent="Trees" instance=ExtResource( 3 )]
transform = Transform( -0.915129, 0, -0.403162, 0, 1, 0, 0.403162, 0, -0.915129, 219.226, 1.45716, -320.35 )

[node name="tree163" parent="Trees" instance=ExtResource( 3 )]
transform = Transform( -0.915129, 0, -0.403162, 0, 1, 0, 0.403162, 0, -0.915129, 214.895, 3.0888, -307.491 )

[node name="tree164" parent="Trees" instance=ExtResource( 2 )]
transform = Transform( -0.915129, 0, -0.403162, 0, 1, 0, 0.403162, 0, -0.915129, 196.606, 1.10167, -331.939 )

[node name="tree165" parent="Trees" instance=ExtResource( 2 )]
transform = Transform( -0.915129, 0, -0.403162, 0, 1, 0, 0.403162, 0, -0.915129, 189.465, 2.04161, -322.997 )

[node name="tree166" parent="Trees" instance=ExtResource( 2 )]
transform = Transform( -0.915129, 0, -0.403162, 0, 1, 0, 0.403162, 0, -0.915129, 197.064, 2.13564, -320.615 )

[node name="tree167" parent="Trees" instance=ExtResource( 3 )]
transform = Transform( -0.915129, 0, -0.403162, 0, 1, 0, 0.403162, 0, -0.915129, 203.178, 1.44143, -325.929 )

[node name="tree168" parent="Trees" instance=ExtResource( 3 )]
transform = Transform( -0.915129, 0, -0.403162, 0, 1, 0, 0.403162, 0, -0.915129, 198.847, 2.75735, -313.069 )

[node name="tree169" parent="Trees" instance=ExtResource( 2 )]
transform = Transform( -0.915129, 0, -0.403162, 0, 1, 0, 0.403162, 0, -0.915129, 220.996, 0.481617, -348.498 )

[node name="tree170" parent="Trees" instance=ExtResource( 2 )]
transform = Transform( -0.915129, 0, -0.403162, 0, 1, 0, 0.403162, 0, -0.915129, 213.854, 0.595139, -339.556 )

[node name="tree171" parent="Trees" instance=ExtResource( 2 )]
transform = Transform( -0.915129, 0, -0.403162, 0, 1, 0, 0.403162, 0, -0.915129, 221.454, 0.590599, -337.174 )

[node name="tree172" parent="Trees" instance=ExtResource( 3 )]
transform = Transform( -0.915129, 0, -0.403162, 0, 1, 0, 0.403162, 0, -0.915129, 227.567, 0.478184, -342.488 )

[node name="tree173" parent="Trees" instance=ExtResource( 3 )]
transform = Transform( -0.915129, 0, -0.403162, 0, 1, 0, 0.403162, 0, -0.915129, 223.236, 0.806942, -329.629 )

[node name="tree174" parent="Trees" instance=ExtResource( 2 )]
transform = Transform( -0.915129, 0, -0.403162, 0, 1, 0, 0.403162, 0, -0.915129, 204.947, 0.346077, -354.077 )

[node name="tree175" parent="Trees" instance=ExtResource( 2 )]
transform = Transform( -0.915129, 0, -0.403162, 0, 1, 0, 0.403162, 0, -0.915129, 197.806, 0.501072, -345.135 )

[node name="tree176" parent="Trees" instance=ExtResource( 2 )]
transform = Transform( -0.915129, 0, -0.403162, 0, 1, 0, 0.403162, 0, -0.915129, 205.405, 0.571262, -342.753 )

[node name="tree177" parent="Trees" instance=ExtResource( 3 )]
transform = Transform( -0.915129, 0, -0.403162, 0, 1, 0, 0.403162, 0, -0.915129, 211.519, 0.464558, -348.067 )

[node name="tree178" parent="Trees" instance=ExtResource( 3 )]
transform = Transform( -0.915129, 0, -0.403162, 0, 1, 0, 0.403162, 0, -0.915129, 207.188, 0.795292, -335.207 )

[node name="tree179" parent="Trees" instance=ExtResource( 2 )]
transform = Transform( -0.915129, 0, -0.403162, 0, 1, 0, 0.403162, 0, -0.915129, 236.804, 4.25071, -293.053 )

[node name="tree180" parent="Trees" instance=ExtResource( 2 )]
transform = Transform( -0.915129, 0, -0.403162, 0, 1, 0, 0.403162, 0, -0.915129, 229.663, 4.90039, -284.111 )

[node name="tree181" parent="Trees" instance=ExtResource( 2 )]
transform = Transform( -0.915129, 0, -0.403162, 0, 1, 0, 0.403162, 0, -0.915129, 237.262, 4.7262, -281.729 )

[node name="tree182" parent="Trees" instance=ExtResource( 3 )]
transform = Transform( -0.915129, 0, -0.403162, 0, 1, 0, 0.403162, 0, -0.915129, 243.375, 4.52444, -287.044 )

[node name="tree183" parent="Trees" instance=ExtResource( 3 )]
transform = Transform( -0.915129, 0, -0.403162, 0, 1, 0, 0.403162, 0, -0.915129, 239.044, 5.07455, -274.184 )

[node name="tree184" parent="Trees" instance=ExtResource( 2 )]
transform = Transform( -0.915129, 0, -0.403162, 0, 1, 0, 0.403162, 0, -0.915129, 220.756, 4.00519, -298.632 )

[node name="tree185" parent="Trees" instance=ExtResource( 2 )]
transform = Transform( -0.915129, 0, -0.403162, 0, 1, 0, 0.403162, 0, -0.915129, 213.614, 5.19944, -289.69 )

[node name="tree186" parent="Trees" instance=ExtResource( 2 )]
transform = Transform( -0.915129, 0, -0.403162, 0, 1, 0, 0.403162, 0, -0.915129, 221.214, 4.97944, -287.308 )

[node name="tree187" parent="Trees" instance=ExtResource( 3 )]
transform = Transform( -0.915129, 0, -0.403162, 0, 1, 0, 0.403162, 0, -0.915129, 227.327, 4.51026, -292.622 )

[node name="tree188" parent="Trees" instance=ExtResource( 3 )]
transform = Transform( -0.915129, 0, -0.403162, 0, 1, 0, 0.403162, 0, -0.915129, 222.996, 5.13923, -279.763 )

[node name="tree189" parent="Trees" instance=ExtResource( 2 )]
transform = Transform( -0.915129, 0, -0.403162, 0, 1, 0, 0.403162, 0, -0.915129, 245.145, 2.06054, -315.191 )

[node name="tree190" parent="Trees" instance=ExtResource( 2 )]
transform = Transform( -0.915129, 0, -0.403162, 0, 1, 0, 0.403162, 0, -0.915129, 238.004, 3.03741, -306.249 )

[node name="tree191" parent="Trees" instance=ExtResource( 2 )]
transform = Transform( -0.915129, 0, -0.403162, 0, 1, 0, 0.403162, 0, -0.915129, 245.603, 3.35141, -303.867 )

[node name="tree192" parent="Trees" instance=ExtResource( 3 )]
transform = Transform( -0.915129, 0, -0.403162, 0, 1, 0, 0.403162, 0, -0.915129, 251.716, 3.0034, -309.182 )

[node name="tree193" parent="Trees" instance=ExtResource( 3 )]
transform = Transform( -0.915129, 0, -0.403162, 0, 1, 0, 0.403162, 0, -0.915129, 247.385, 4.10754, -296.322 )

[node name="tree194" parent="Trees" instance=ExtResource( 2 )]
transform = Transform( -0.915129, 0, -0.403162, 0, 1, 0, 0.403162, 0, -0.915129, 229.097, 1.27087, -320.77 )

[node name="tree195" parent="Trees" instance=ExtResource( 2 )]
transform = Transform( -0.915129, 0, -0.403162, 0, 1, 0, 0.403162, 0, -0.915129, 221.955, 2.30217, -311.828 )

[node name="tree196" parent="Trees" instance=ExtResource( 2 )]
transform = Transform( -0.915129, 0, -0.403162, 0, 1, 0, 0.403162, 0, -0.915129, 229.555, 2.61673, -309.446 )

[node name="tree197" parent="Trees" instance=ExtResource( 3 )]
transform = Transform( -0.915129, 0, -0.403162, 0, 1, 0, 0.403162, 0, -0.915129, 235.668, 1.95877, -314.761 )

[node name="tree198" parent="Trees" instance=ExtResource( 3 )]
transform = Transform( -0.915129, 0, -0.403162, 0, 1, 0, 0.403162, 0, -0.915129, 231.337, 3.54046, -301.901 )

[node name="tree199" parent="Trees" instance=ExtResource( 2 )]
transform = Transform( 0.813953, 0, 0.58093, 0, 1, 0, -0.58093, 0, 0.813953, 196.033, 5.77737, -292.244 )

[node name="tree200" parent="Trees" instance=ExtResource( 2 )]
transform = Transform( 0.813953, 0, 0.58093, 0, 1, 0, -0.58093, 0, 0.813953, 201.206, 3.78174, -302.452 )

[node name="tree201" parent="Trees" instance=ExtResource( 2 )]
transform = Transform( 0.813953, 0, 0.58093, 0, 1, 0, -0.58093, 0, 0.813953, 193.28, 3.94439, -303.238 )

[node name="tree202" parent="Trees" instance=ExtResource( 3 )]
transform = Transform( 0.813953, 0, 0.58093, 0, 1, 0, -0.58093, 0, 0.813953, 188.376, 5.48032, -296.791 )

[node name="tree203" parent="Trees" instance=ExtResource( 3 )]
transform = Transform( 0.813953, 0, 0.58093, 0, 1, 0, -0.58093, 0, 0.813953, 190, 3.33521, -310.263 )

[node name="tree204" parent="Trees" instance=ExtResource( 2 )]
transform = Transform( 0.813953, 0, 0.58093, 0, 1, 0, -0.58093, 0, 0.813953, 212.881, 5.20744, -290.047 )

[node name="tree205" parent="Trees" instance=ExtResource( 2 )]
transform = Transform( 0.813953, 0, 0.58093, 0, 1, 0, -0.58093, 0, 0.813953, 210.128, 4.05589, -301.041 )

[node name="tree206" parent="Trees" instance=ExtResource( 3 )]
transform = Transform( 0.813953, 0, 0.58093, 0, 1, 0, -0.58093, 0, 0.813953, 205.224, 4.86246, -294.594 )

[node name="tree207" parent="Trees" instance=ExtResource( 3 )]
transform = Transform( 0.813953, 0, 0.58093, 0, 1, 0, -0.58093, 0, 0.813953, 206.848, 3.1726, -308.066 )

[node name="tree208" parent="Trees" instance=ExtResource( 2 )]
transform = Transform( 0.813953, 0, 0.58093, 0, 1, 0, -0.58093, 0, 0.813953, 192.371, 13.6577, -268.872 )

[node name="tree209" parent="Trees" instance=ExtResource( 2 )]
transform = Transform( 0.813953, 0, 0.58093, 0, 1, 0, -0.58093, 0, 0.813953, 197.544, 9.32094, -279.08 )

[node name="tree210" parent="Trees" instance=ExtResource( 2 )]
transform = Transform( 0.813953, 0, 0.58093, 0, 1, 0, -0.58093, 0, 0.813953, 189.618, 11.0119, -279.866 )

[node name="tree211" parent="Trees" instance=ExtResource( 3 )]
transform = Transform( 0.813953, 0, 0.58093, 0, 1, 0, -0.58093, 0, 0.813953, 184.714, 14.2978, -273.419 )

[node name="tree212" parent="Trees" instance=ExtResource( 3 )]
transform = Transform( 0.813953, 0, 0.58093, 0, 1, 0, -0.58093, 0, 0.813953, 186.338, 8.87764, -286.891 )

[node name="tree213" parent="Trees" instance=ExtResource( 2 )]
transform = Transform( 0.813953, 0, 0.58093, 0, 1, 0, -0.58093, 0, 0.813953, 209.218, 8.33753, -266.675 )

[node name="tree214" parent="Trees" instance=ExtResource( 2 )]
transform = Transform( 0.813953, 0, 0.58093, 0, 1, 0, -0.58093, 0, 0.813953, 214.391, 5.76824, -276.883 )

[node name="tree215" parent="Trees" instance=ExtResource( 2 )]
transform = Transform( 0.813953, 0, 0.58093, 0, 1, 0, -0.58093, 0, 0.813953, 206.466, 7.01016, -277.669 )

[node name="tree216" parent="Trees" instance=ExtResource( 3 )]
transform = Transform( 0.813953, 0, 0.58093, 0, 1, 0, -0.58093, 0, 0.813953, 201.562, 9.7928, -271.222 )

[node name="tree217" parent="Trees" instance=ExtResource( 3 )]
transform = Transform( 0.813953, 0, 0.58093, 0, 1, 0, -0.58093, 0, 0.813953, 203.186, 6.67607, -284.694 )

[node name="tree218" parent="Trees" instance=ExtResource( 2 )]
transform = Transform( 0.813953, 0, 0.58093, 0, 1, 0, -0.58093, 0, 0.813953, 165.612, 2.14303, -319.94 )

[node name="tree219" parent="Trees" instance=ExtResource( 2 )]
transform = Transform( 0.813953, 0, 0.58093, 0, 1, 0, -0.58093, 0, 0.813953, 170.784, 1.26644, -330.149 )

[node name="tree220" parent="Trees" instance=ExtResource( 2 )]
transform = Transform( 0.813953, 0, 0.58093, 0, 1, 0, -0.58093, 0, 0.813953, 162.859, 1.08334, -330.935 )

[node name="tree221" parent="Trees" instance=ExtResource( 3 )]
transform = Transform( 0.813953, 0, 0.58093, 0, 1, 0, -0.58093, 0, 0.813953, 157.955, 1.47969, -324.487 )

[node name="tree222" parent="Trees" instance=ExtResource( 3 )]
transform = Transform( 0.813953, 0, 0.58093, 0, 1, 0, -0.58093, 0, 0.813953, 159.579, 0.648914, -337.959 )

[node name="tree223" parent="Trees" instance=ExtResource( 2 )]
transform = Transform( 0.813953, 0, 0.58093, 0, 1, 0, -0.58093, 0, 0.813953, 182.459, 2.80752, -317.743 )

[node name="tree224" parent="Trees" instance=ExtResource( 2 )]
transform = Transform( 0.813953, 0, 0.58093, 0, 1, 0, -0.58093, 0, 0.813953, 187.632, 1.52189, -327.952 )

[node name="tree225" parent="Trees" instance=ExtResource( 2 )]
transform = Transform( 0.813953, 0, 0.58093, 0, 1, 0, -0.58093, 0, 0.813953, 179.707, 1.45303, -328.738 )

[node name="tree226" parent="Trees" instance=ExtResource( 3 )]
transform = Transform( 0.813953, 0, 0.58093, 0, 1, 0, -0.58093, 0, 0.813953, 174.803, 2.21092, -322.29 )

[node name="tree227" parent="Trees" instance=ExtResource( 3 )]
transform = Transform( 0.813953, 0, 0.58093, 0, 1, 0, -0.58093, 0, 0.813953, 176.426, 0.88673, -335.763 )

[node name="tree228" parent="Trees" instance=ExtResource( 2 )]
transform = Transform( 0.813953, 0, 0.58093, 0, 1, 0, -0.58093, 0, 0.813953, 161.95, 5.7961, -296.568 )

