[gd_scene load_steps=10 format=2]

[ext_resource path="res://source/environment/landscape.tscn" type="PackedScene" id=1]
[ext_resource path="res://source/environment/BlueTree.tscn" type="PackedScene" id=2]
[ext_resource path="res://source/environment/Bush.tscn" type="PackedScene" id=3]
[ext_resource path="res://source/environment/Rock.tscn" type="PackedScene" id=4]
[ext_resource path="res://source/environment/YellowTree.tscn" type="PackedScene" id=11]
[ext_resource path="res://source/environment/GreenTree.tscn" type="PackedScene" id=12]
[ext_resource path="res://source/environment/PinkTree.tscn" type="PackedScene" id=13]
[ext_resource path="res://source/environment/RedTree.tscn" type="PackedScene" id=14]
[ext_resource path="res://source/AssetDistributor.tscn" type="PackedScene" id=51]

[node name="W" type="Node"]

[node name="landscape" parent="." instance=ExtResource( 1 )]

[node name="AssetDistributor" parent="." instance=ExtResource( 51 )]
density = 1000
extents = 500

[node name="BlueTree" parent="AssetDistributor" instance=ExtResource( 11 )]
transform = Transform( 0.96826, -0.145581, -0.203172, 0.17412, 0.976049, 0.130426, 0.179318, -0.161663, 0.970417, 452.978, 3.56938, -82.5055 )

[node name="BlueTree2" parent="AssetDistributor" instance=ExtResource( 13 )]
transform = Transform( 0.350487, -0.0426638, -0.935595, -0.17208, 0.979022, -0.109108, 0.920623, 0.199238, 0.335793, 446.746, 9.35428, 253.648 )

[node name="BlueTree3" parent="AssetDistributor" instance=ExtResource( 11 )]
transform = Transform( -0.105914, -0.226373, 0.968265, 0.0953751, 0.96694, 0.236496, -0.989791, 0.117397, -0.0808221, 133.46, 6.85984, 369.551 )

[node name="BlueTree4" parent="AssetDistributor" instance=ExtResource( 13 )]
transform = Transform( -0.641314, 0.198471, -0.741165, 0.134685, 0.980087, 0.14591, 0.755365, -0.00625021, -0.655275, -356.634, 16.2222, -152.832 )

[node name="BlueTree5" parent="AssetDistributor" instance=ExtResource( 13 )]
transform = Transform( -0.531624, -0.0821182, 0.84299, -0.0854945, 0.995408, 0.0430493, -0.842654, -0.049185, -0.536204, 452.559, 18.1204, -350.902 )

[node name="BlueTree6" parent="AssetDistributor" instance=ExtResource( 14 )]
transform = Transform( -0.322177, 0.134205, -0.937119, 0.117662, 0.987901, 0.101026, 0.939339, -0.0777153, -0.33407, -115.463, 7.94597, 13.7493 )

[node name="Bush120" parent="AssetDistributor" instance=ExtResource( 3 )]
transform = Transform( 0.732058, 0.161357, 0.661857, -0.17563, 0.983405, -0.0454903, -0.658213, -0.0829401, 0.748249, -140.358, 18.1205, 250.432 )

[node name="BlueTree7" parent="AssetDistributor" instance=ExtResource( 2 )]
transform = Transform( -0.860118, -0.250076, 0.444588, -0.159239, 0.959659, 0.231728, -0.484602, 0.128518, -0.865242, 379.369, 20.7256, 291.725 )

[node name="BlueTree8" parent="AssetDistributor" instance=ExtResource( 11 )]
transform = Transform( 0.837613, -0.00448315, -0.546246, -0.00350771, 0.999902, -0.0135851, 0.546253, 0.0132951, 0.837515, -98.5048, 29.4511, -417.474 )

[node name="BlueTree9" parent="AssetDistributor" instance=ExtResource( 2 )]
transform = Transform( 0.923229, 0.00865869, 0.384152, -0.0789723, 0.982679, 0.167644, -0.376047, -0.185111, 0.907922, -479.41, 28.1992, -278.328 )

[node name="Bush121" parent="AssetDistributor" instance=ExtResource( 3 )]
transform = Transform( 0.90184, 0.0953321, -0.421422, -0.211718, 0.947737, -0.238684, 0.376643, 0.304477, 0.874891, 475.644, 20.3971, -359.274 )

[node name="BlueTree10" parent="AssetDistributor" instance=ExtResource( 11 )]
transform = Transform( 0.274867, 0.0312772, -0.960974, 0.104361, 0.992595, 0.0621565, 0.955802, -0.117372, 0.269567, 98.0641, 12.5324, -442.524 )

[node name="Rock29" parent="AssetDistributor" instance=ExtResource( 4 )]
transform = Transform( -0.4111, 0.123524, 0.903183, 0.240752, 0.970311, -0.0231222, -0.879224, 0.207937, -0.428633, -240.161, 28.5628, -89.608 )

[node name="BlueTree11" parent="AssetDistributor" instance=ExtResource( 2 )]
transform = Transform( -0.23228, 0.225569, -0.946131, 0.217489, 0.960152, 0.175517, 0.948021, -0.165004, -0.272083, 85.8587, 16.6031, 468.541 )

[node name="BlueTree12" parent="AssetDistributor" instance=ExtResource( 14 )]
transform = Transform( 0.789556, 0.0949155, -0.606294, -0.163862, 0.984703, -0.0592363, 0.591397, 0.146119, 0.793031, 40.6627, 19.2118, 146.486 )

[node name="BlueTree13" parent="AssetDistributor" instance=ExtResource( 2 )]
transform = Transform( -0.0561782, -0.0854984, -0.994753, 0.0313486, 0.995684, -0.0873488, 0.997929, -0.0360913, -0.0532555, -361.788, 21.3512, 7.46547 )

[node name="Bush122" parent="AssetDistributor" instance=ExtResource( 3 )]
transform = Transform( -0.752995, 0.016857, -0.65781, -0.042869, 0.996291, 0.074603, 0.656628, 0.0843754, -0.74948, -304.625, 19.7079, 75.5989 )

[node name="BlueTree14" parent="AssetDistributor" instance=ExtResource( 14 )]
transform = Transform( -0.153971, 0.232839, 0.96025, -0.0353393, 0.969919, -0.24085, -0.987443, -0.0710183, -0.141111, -115.623, 25.8105, 353.358 )

[node name="BlueTree15" parent="AssetDistributor" instance=ExtResource( 14 )]
transform = Transform( 0.295833, 0.162014, -0.9414, -0.242307, 0.966006, 0.0901047, 0.923997, 0.201452, 0.325034, 336.178, 12.255, 313.59 )

[node name="Bush123" parent="AssetDistributor" instance=ExtResource( 3 )]
transform = Transform( 0.840423, 0.0029088, 0.541923, -0.0999184, 0.983674, 0.149675, -0.53264, -0.179939, 0.826992, -426.646, 33.3312, -497.278 )

[node name="BlueTree16" parent="AssetDistributor" instance=ExtResource( 12 )]
transform = Transform( 0.548041, 0.190551, 0.814458, -0.246745, 0.967205, -0.0602553, -0.799229, -0.167941, 0.577086, 314.358, 12.1344, -478.846 )

[node name="BlueTree17" parent="AssetDistributor" instance=ExtResource( 14 )]
transform = Transform( 0.827595, -0.120361, -0.54827, 0.118075, 0.992215, -0.03959, 0.548767, -0.0319724, 0.835364, 182.741, 4.33752, -204.516 )

[node name="Bush124" parent="AssetDistributor" instance=ExtResource( 3 )]
transform = Transform( -0.761986, 0.0382569, -0.646462, 0.13538, 0.985607, -0.101246, 0.633285, -0.164666, -0.756198, 410.279, 18.7987, -211.451 )

[node name="BlueTree18" parent="AssetDistributor" instance=ExtResource( 13 )]
transform = Transform( 0.0699546, 0.0396564, -0.996762, 0.15597, 0.986486, 0.0501938, 0.985282, -0.158976, 0.062824, 116.612, 10.4337, 203.778 )

[node name="BlueTree19" parent="AssetDistributor" instance=ExtResource( 2 )]
transform = Transform( 0.79472, 0.0896176, 0.600325, -0.102512, 0.99465, -0.0127764, -0.598258, -0.0513867, 0.799654, 96.927, 1.14536, -274.333 )

[node name="Bush125" parent="AssetDistributor" instance=ExtResource( 3 )]
transform = Transform( 0.1057, 0.0876409, -0.990528, -0.100624, 0.991938, 0.0770279, 0.989294, 0.0915293, 0.113667, 133.578, 7.50767, 324.627 )

[node name="BlueTree20" parent="AssetDistributor" instance=ExtResource( 2 )]
transform = Transform( 0.707199, -0.318064, 0.631431, 0.215538, 0.947571, 0.235908, -0.67336, -0.0307365, 0.738676, -401.514, 21.2437, -201.393 )

[node name="BlueTree21" parent="AssetDistributor" instance=ExtResource( 13 )]
transform = Transform( 0.826306, 0.125952, -0.548957, -0.224077, 0.967733, -0.115251, 0.516728, 0.218241, 0.827867, -334.873, 7.5831, 448.934 )

[node name="BlueTree22" parent="AssetDistributor" instance=ExtResource( 12 )]
transform = Transform( 0.547105, -0.117197, -0.828819, 0.0388538, 0.992638, -0.114714, 0.836162, 0.030558, 0.547631, -173.466, 12.2789, 286.421 )

[node name="BlueTree23" parent="AssetDistributor" instance=ExtResource( 11 )]
transform = Transform( -0.636059, -0.0382213, 0.770693, -0.22829, 0.963383, -0.140632, -0.737098, -0.265392, -0.621494, 371.62, 6.63706, -51.2912 )

[node name="Bush126" parent="AssetDistributor" instance=ExtResource( 3 )]
transform = Transform( -0.790393, -0.0321233, 0.611757, -0.146937, 0.979414, -0.138414, -0.594717, -0.199291, -0.778842, -497.544, 5.7937, 316.63 )

[node name="BlueTree24" parent="AssetDistributor" instance=ExtResource( 12 )]
transform = Transform( -0.0168942, 0.0461288, 0.998793, -0.167514, 0.984685, -0.0483107, -0.985725, -0.168128, -0.00890827, 209.716, 7.1151, 262.072 )

[node name="BlueTree25" parent="AssetDistributor" instance=ExtResource( 13 )]
transform = Transform( -0.804319, -0.108204, -0.584263, -0.0460066, 0.991669, -0.12032, 0.592415, -0.0698952, -0.802595, -117.526, 22.1149, -68.1124 )

[node name="BlueTree26" parent="AssetDistributor" instance=ExtResource( 11 )]
transform = Transform( 0.317587, -0.130142, 0.939256, 0.195907, 0.978171, 0.0692926, -0.927771, 0.162, 0.33615, -48.816, 10.5826, -477.913 )

[node name="BlueTree27" parent="AssetDistributor" instance=ExtResource( 2 )]
transform = Transform( -0.732696, 0.283617, -0.618642, 0.196059, 0.958452, 0.207198, 0.651704, 0.0305226, -0.757859, 315.153, 6.58295, -50.3136 )

[node name="BlueTree28" parent="AssetDistributor" instance=ExtResource( 11 )]
transform = Transform( 0.0702708, 0.220197, -0.972921, 0.120312, 0.966341, 0.227398, 0.990246, -0.133034, 0.0414132, 67.3135, 1.22311, -233.956 )

[node name="BlueTree29" parent="AssetDistributor" instance=ExtResource( 12 )]
transform = Transform( 0.758516, 0.244409, 0.604085, -0.182924, 0.969587, -0.1626, -0.625454, 0.0128333, 0.780156, -232.999, 24.1022, 359.357 )

[node name="BlueTree30" parent="AssetDistributor" instance=ExtResource( 14 )]
transform = Transform( 0.507538, 0.244628, -0.826173, -0.23924, 0.961157, 0.137625, 0.82775, 0.127804, 0.546349, -307.484, 9.29482, -10.3523 )

[node name="BlueTree31" parent="AssetDistributor" instance=ExtResource( 12 )]
transform = Transform( 0.259784, 0.0575361, 0.963951, -0.120118, 0.992396, -0.0268622, -0.958167, -0.108809, 0.26472, 330.129, 11.8734, -72.3534 )

[node name="BlueTree32" parent="AssetDistributor" instance=ExtResource( 14 )]
transform = Transform( 0.0768307, -0.255093, 0.963859, 0.0601585, 0.966141, 0.250902, -0.995228, 0.0387074, 0.0895753, 274.69, 16.5182, 469.286 )

[node name="BlueTree33" parent="AssetDistributor" instance=ExtResource( 12 )]
transform = Transform( 0.959907, -0.0496395, 0.275889, 0.0787057, 0.992333, -0.0952968, -0.269043, 0.11319, 0.956454, 352.336, 6.74492, -263.361 )

[node name="BlueTree34" parent="AssetDistributor" instance=ExtResource( 2 )]
transform = Transform( -0.612422, -0.0387868, -0.789579, -0.129918, 0.990153, 0.052129, 0.779783, 0.134506, -0.611431, 20.4603, 30.7765, 72.6704 )

[node name="Bush127" parent="AssetDistributor" instance=ExtResource( 3 )]
transform = Transform( -0.870535, 0.113438, -0.478854, 0.139005, 0.990125, -0.0181499, 0.472067, -0.0823632, -0.877707, 371.709, 9.32431, 35.7448 )

[node name="BlueTree35" parent="AssetDistributor" instance=ExtResource( 2 )]
transform = Transform( -0.134032, -0.0830578, -0.98749, 0.0039089, 0.996429, -0.0843402, 0.990969, -0.0151643, -0.133229, -324.636, 22.2012, 222.149 )

[node name="BlueTree36" parent="AssetDistributor" instance=ExtResource( 11 )]
transform = Transform( 0.824273, -0.254264, -0.505888, 0.223645, 0.967049, -0.121651, 0.52015, -0.0128659, 0.853978, -248.079, 25.0499, -71.8893 )

[node name="BlueTree37" parent="AssetDistributor" instance=ExtResource( 11 )]
transform = Transform( 0.0758301, 0.148313, 0.986029, 0.0430761, 0.987466, -0.151842, -0.99619, 0.0539885, 0.0684909, 272.852, 10.4775, 359.055 )

[node name="Bush128" parent="AssetDistributor" instance=ExtResource( 3 )]
transform = Transform( 0.548382, 0.271982, 0.790761, -0.118814, 0.961377, -0.248269, -0.827744, 0.0421934, 0.559517, -439.864, 33.3608, -430.595 )

[node name="BlueTree38" parent="AssetDistributor" instance=ExtResource( 13 )]
transform = Transform( -0.390262, 0.225434, 0.892678, 0.0134098, 0.97085, -0.239313, -0.920606, -0.0814241, -0.381909, -284.955, 19.6101, 354.202 )

[node name="BlueTree39" parent="AssetDistributor" instance=ExtResource( 13 )]
transform = Transform( 0.460429, 0.0321856, 0.887113, 0.237521, 0.958438, -0.158052, -0.85533, 0.28348, 0.433648, -301.322, 12.8763, 183.1 )

[node name="Rock30" parent="AssetDistributor" instance=ExtResource( 4 )]
transform = Transform( -0.573701, -0.0467452, -0.81773, -0.213494, 0.972393, 0.0941962, 0.790751, 0.228621, -0.567843, -349.35, 19.9064, 32.3884 )

[node name="BlueTree40" parent="AssetDistributor" instance=ExtResource( 12 )]
transform = Transform( -0.179902, -0.144225, 0.973054, 0.137234, 0.97584, 0.17001, -0.974065, 0.164121, -0.155763, -388.534, 20.2132, 117.25 )

[node name="BlueTree41" parent="AssetDistributor" instance=ExtResource( 12 )]
transform = Transform( 0.949611, 0.208758, 0.233793, -0.210613, 0.977417, -0.0172946, -0.232123, -0.0328166, 0.972133, 34.2156, 7.06538, -238.509 )

[node name="BlueTree42" parent="AssetDistributor" instance=ExtResource( 12 )]
transform = Transform( -0.17671, 0.116361, 0.97736, -0.24802, 0.95568, -0.158623, -0.952502, -0.270436, -0.140019, -494.322, 11.1623, -155.519 )

[node name="BlueTree43" parent="AssetDistributor" instance=ExtResource( 2 )]
transform = Transform( -0.999938, 0.0110917, 0.000855906, 0.0109692, 0.995861, -0.0902279, -0.00185314, -0.0902129, -0.995921, 449.295, 26.0663, -493.559 )

[node name="BlueTree44" parent="AssetDistributor" instance=ExtResource( 12 )]
transform = Transform( 0.997362, 0.032208, -0.0650481, -0.046001, 0.973685, -0.223208, 0.0561472, 0.225612, 0.972598, 14.4505, 14.8402, 306.371 )

[node name="BlueTree45" parent="AssetDistributor" instance=ExtResource( 12 )]
transform = Transform( -0.863481, -0.104823, 0.493369, -0.0756377, 0.994016, 0.0788132, -0.498678, 0.0307364, -0.866242, 86.8618, 12.0117, 352.096 )

[node name="BlueTree46" parent="AssetDistributor" instance=ExtResource( 11 )]
transform = Transform( -0.672505, -0.088177, 0.734821, 0.00349911, 0.992487, 0.122299, -0.740084, 0.0848178, -0.667144, 260.681, 6.19203, -31.7257 )

[node name="BlueTree47" parent="AssetDistributor" instance=ExtResource( 12 )]
transform = Transform( -0.967381, 0.252179, 0.0240919, 0.252339, 0.950853, 0.179456, 0.022347, 0.179681, -0.983471, -407.251, 26.9421, 193.963 )

[node name="BlueTree48" parent="AssetDistributor" instance=ExtResource( 2 )]
transform = Transform( 0.754961, -0.075612, -0.651396, 0.225609, 0.962642, 0.149737, 0.615739, -0.260006, 0.743816, -358.895, 18.3699, -191.052 )

[node name="BlueTree49" parent="AssetDistributor" instance=ExtResource( 13 )]
transform = Transform( -0.76122, -0.0621618, 0.645508, 0.0213168, 0.992459, 0.120711, -0.648144, 0.105648, -0.754154, 395.89, 10.1873, 32.4249 )

[node name="Rock31" parent="AssetDistributor" instance=ExtResource( 4 )]
transform = Transform( 0.414337, 0.0640163, -0.907869, -0.0898035, 0.995531, 0.0292126, 0.905682, 0.0694259, 0.418235, -5.46533, 15.4368, -296.119 )

[node name="BlueTree50" parent="AssetDistributor" instance=ExtResource( 2 )]
transform = Transform( -0.035911, 0.193449, -0.980453, -0.0976407, 0.975713, 0.19609, 0.994574, 0.102774, -0.0161503, 351.189, 9.71814, 57.3275 )

[node name="BlueTree51" parent="AssetDistributor" instance=ExtResource( 14 )]
transform = Transform( 0.498161, -0.150023, -0.854008, -0.0835511, 0.97203, -0.219493, 0.86305, 0.180696, 0.471692, -158.523, 11.9413, 17.4978 )

[node name="BlueTree52" parent="AssetDistributor" instance=ExtResource( 11 )]
transform = Transform( -0.445059, -0.249753, -0.859969, -0.107661, 0.968278, -0.225491, 0.889006, -0.00777133, -0.45783, -387.411, 26.3756, 200.902 )

[node name="BlueTree53" parent="AssetDistributor" instance=ExtResource( 2 )]
transform = Transform( -0.50343, -0.0871306, -0.859632, -0.123655, 0.991927, -0.0281231, 0.855142, 0.0921399, -0.51014, 70.6139, 14.0236, 374.14 )

[node name="BlueTree54" parent="AssetDistributor" instance=ExtResource( 2 )]
transform = Transform( 0.559191, 0.169389, -0.811549, -0.0906195, 0.985527, 0.143262, 0.824071, -0.00656862, 0.566448, -371.049, 9.96571, 309.909 )

[node name="Bush129" parent="AssetDistributor" instance=ExtResource( 3 )]
transform = Transform( 0.784681, -0.268687, -0.558644, 0.199136, 0.962676, -0.183302, 0.587044, 0.0325871, 0.808899, 458.756, 16.7666, -184.919 )

[node name="BlueTree55" parent="AssetDistributor" instance=ExtResource( 2 )]
transform = Transform( 0.815584, 0.127992, 0.564305, -0.142971, 0.989567, -0.0178126, -0.560697, -0.0661515, 0.825374, 342.447, 12.6117, 211.781 )

[node name="BlueTree56" parent="AssetDistributor" instance=ExtResource( 2 )]
transform = Transform( -0.0596187, 0.120377, 0.990936, -0.175838, 0.975913, -0.129132, -0.982612, -0.181943, -0.0370158, -434.171, 16.9555, -68.5794 )

[node name="Bush130" parent="AssetDistributor" instance=ExtResource( 3 )]
transform = Transform( 0.286655, -0.187813, 0.939444, 0.230099, 0.96539, 0.12279, -0.929991, 0.180966, 0.319949, 114.557, 0.462879, -234.178 )

[node name="Bush131" parent="AssetDistributor" instance=ExtResource( 3 )]
transform = Transform( 0.323375, 0.0154834, -0.946144, 0.115958, 0.991682, 0.0558609, 0.939139, -0.127777, 0.31889, -186.438, 16.9658, -332.353 )

[node name="BlueTree57" parent="AssetDistributor" instance=ExtResource( 12 )]
transform = Transform( -0.557561, 0.0911826, 0.825113, -0.211253, 0.945642, -0.247254, -0.802806, -0.312166, -0.50799, -491.455, 9.17405, -183.952 )

[node name="BlueTree58" parent="AssetDistributor" instance=ExtResource( 13 )]
transform = Transform( 0.927873, -0.0287516, -0.371787, 0.0387333, 0.999061, 0.0194063, 0.37088, -0.0324072, 0.928115, -273.075, 9.70883, 420.554 )

[node name="BlueTree59" parent="AssetDistributor" instance=ExtResource( 13 )]
transform = Transform( 0.668848, -0.0654821, -0.74051, 0.0389132, 0.997831, -0.0530892, 0.74238, 0.00669301, 0.669945, -200.484, 20.3034, 328.051 )

[node name="BlueTree60" parent="AssetDistributor" instance=ExtResource( 12 )]
transform = Transform( 0.70802, 0.0634474, -0.703336, 0.0781825, 0.982791, 0.16736, 0.701851, -0.173483, 0.690875, 351.682, 19.7863, 401.86 )

[node name="BlueTree61" parent="AssetDistributor" instance=ExtResource( 12 )]
transform = Transform( -0.800324, 0.230509, -0.553486, 0.202856, 0.972803, 0.111817, 0.564208, -0.0227879, -0.825318, -59.0119, 14.2826, -190.091 )

[node name="BlueTree62" parent="AssetDistributor" instance=ExtResource( 12 )]
transform = Transform( -0.932924, 0.0297645, 0.358842, 0.0207943, 0.999368, -0.0288322, -0.359473, -0.0194364, -0.932953, 280.311, 5.07968, -319.484 )

[node name="BlueTree63" parent="AssetDistributor" instance=ExtResource( 2 )]
transform = Transform( 0.927032, 0.191514, 0.322388, -0.111908, 0.961862, -0.249597, -0.357894, 0.195307, 0.913108, -226.844, 22.5074, -337.86 )

[node name="Bush132" parent="AssetDistributor" instance=ExtResource( 3 )]
transform = Transform( -0.702584, -0.21877, -0.677138, -0.150676, 0.975729, -0.158901, 0.695466, -0.00961281, -0.718495, -9.34895, 20.968, -334.742 )

[node name="BlueTree64" parent="AssetDistributor" instance=ExtResource( 12 )]
transform = Transform( -0.847256, -0.12888, 0.515313, -0.0748124, 0.989402, 0.124447, -0.52589, 0.0668864, -0.847918, 433.6, 8.18939, -131.89 )

[node name="Rock32" parent="AssetDistributor" instance=ExtResource( 4 )]
transform = Transform( -0.775275, -0.34854, 0.526753, -0.250008, 0.93519, 0.250831, -0.580038, 0.0627704, -0.812167, -255.747, 15.0414, -40.4783 )

[node name="BlueTree65" parent="AssetDistributor" instance=ExtResource( 12 )]
transform = Transform( -0.324284, 0.233601, -0.916663, 0.165539, 0.96809, 0.188145, 0.931363, -0.0907316, -0.352606, 377.342, 4.42953, -320.094 )

[node name="BlueTree66" parent="AssetDistributor" instance=ExtResource( 14 )]
transform = Transform( -0.769545, -0.315203, 0.555381, -0.21507, 0.946813, 0.239353, -0.601287, 0.0647469, -0.796405, -484.139, 9.04133, 33.9797 )

[node name="BlueTree67" parent="AssetDistributor" instance=ExtResource( 14 )]
transform = Transform( -0.310428, 0.242845, 0.919054, 0.0422324, 0.969387, -0.24188, -0.949658, -0.0362725, -0.311181, 279.949, 30.3351, 184.016 )

[node name="BlueTree68" parent="AssetDistributor" instance=ExtResource( 2 )]
transform = Transform( 0.773402, 0.00220079, 0.633912, -0.0243176, 0.999361, 0.0261991, -0.633449, -0.0356776, 0.772961, -287.786, 14.0166, -289.767 )

[node name="BlueTree69" parent="AssetDistributor" instance=ExtResource( 12 )]
transform = Transform( 0.914524, -0.106822, -0.390172, 0.106869, 0.994037, -0.0216588, 0.390159, -0.0218897, 0.920487, 294.477, 11.274, 273.415 )

[node name="BlueTree70" parent="AssetDistributor" instance=ExtResource( 13 )]
transform = Transform( -0.665446, 0.206851, 0.717213, 0.139656, 0.978372, -0.152595, -0.733265, -0.00138013, -0.679941, -491.204, 19.9608, 409.787 )

[node name="BlueTree71" parent="AssetDistributor" instance=ExtResource( 12 )]
transform = Transform( 0.611147, 0.211615, 0.762705, -0.0509256, 0.972115, -0.22891, -0.789877, 0.101056, 0.604881, 460.826, 28.6161, 62.2362 )

[node name="BlueTree72" parent="AssetDistributor" instance=ExtResource( 11 )]
transform = Transform( 0.761121, 0.27317, -0.58828, -0.22691, 0.961815, 0.153045, 0.607624, 0.017001, 0.794043, -231.689, 3.00741, -422.29 )

[node name="BlueTree73" parent="AssetDistributor" instance=ExtResource( 14 )]
transform = Transform( 0.744042, 0.14786, 0.651567, -0.20564, 0.978544, 0.0127649, -0.6357, -0.143486, 0.758484, -318.066, 29.0364, -417.068 )

[node name="BlueTree74" parent="AssetDistributor" instance=ExtResource( 13 )]
transform = Transform( 0.966112, -0.00407457, -0.25809, -0.0632616, 0.965644, -0.252053, 0.25025, 0.259839, 0.932662, -211.854, 12.9019, -171.243 )

[node name="BlueTree75" parent="AssetDistributor" instance=ExtResource( 13 )]
transform = Transform( -0.800438, -0.119177, -0.587449, -0.156296, 0.98763, 0.0126006, 0.57868, 0.101902, -0.809163, 467.643, 20.0344, -196.297 )

[node name="BlueTree76" parent="AssetDistributor" instance=ExtResource( 14 )]
transform = Transform( 0.813431, -0.13212, -0.566458, -0.00832943, 0.971116, -0.238463, 0.581602, 0.198691, 0.788835, 348.371, 9.57972, -92.1416 )

[node name="BlueTree77" parent="AssetDistributor" instance=ExtResource( 12 )]
transform = Transform( -0.884256, -0.0442325, 0.464904, 0.0555749, 0.978463, 0.198799, -0.463685, 0.201626, -0.862753, 362.227, 14.8858, -178.625 )

[node name="BlueTree78" parent="AssetDistributor" instance=ExtResource( 2 )]
transform = Transform( 0.453572, -0.102257, 0.885334, 0.17979, 0.98347, 0.0214823, -0.872896, 0.149431, 0.46446, 270.827, 6.56812, -347.828 )

[node name="BlueTree79" parent="AssetDistributor" instance=ExtResource( 13 )]
transform = Transform( 0.837853, -0.075864, 0.540599, 0.191346, 0.968282, -0.160678, -0.511262, 0.238066, 0.825794, 160.45, 7.84101, 375.974 )

[node name="BlueTree80" parent="AssetDistributor" instance=ExtResource( 14 )]
transform = Transform( 0.996243, 0.0865756, 0.00215744, -0.0864816, 0.993228, 0.0775792, 0.00457363, -0.0774743, 0.996984, -218.192, 13.7069, -369.206 )

[node name="BlueTree81" parent="AssetDistributor" instance=ExtResource( 11 )]
transform = Transform( 0.889373, -0.176038, 0.421931, 0.150153, 0.984173, 0.0941159, -0.431821, -0.0203501, 0.90173, 166.834, 2.37274, -229.562 )

[node name="BlueTree82" parent="AssetDistributor" instance=ExtResource( 14 )]
transform = Transform( 0.979386, -0.133575, 0.151527, 0.165777, 0.960125, -0.225118, -0.115415, 0.245597, 0.962477, 355.233, 4.27105, -285.842 )

[node name="BlueTree83" parent="AssetDistributor" instance=ExtResource( 11 )]
transform = Transform( -0.856889, -0.23997, 0.456241, -0.183067, 0.969011, 0.165845, -0.481901, 0.0585879, -0.874265, 282.586, 9.52613, -385.949 )

[node name="BlueTree84" parent="AssetDistributor" instance=ExtResource( 13 )]
transform = Transform( -0.107552, 0.0687417, 0.99182, 0.255933, 0.9659, -0.039192, -0.960693, 0.249624, -0.121478, -343.093, 15.4571, -98.9766 )

[node name="BlueTree85" parent="AssetDistributor" instance=ExtResource( 14 )]
transform = Transform( 0.112221, 0.211269, -0.970964, -0.136643, 0.971135, 0.195513, 0.984243, 0.110735, 0.13785, 32.1062, 12.0184, -50.9876 )

[node name="Bush133" parent="AssetDistributor" instance=ExtResource( 3 )]
transform = Transform( 0.907021, -0.132254, 0.399777, 0.174233, 0.982186, -0.0703768, -0.383348, 0.133488, 0.913906, -498.733, 15.7613, 146.596 )

[node name="BlueTree86" parent="AssetDistributor" instance=ExtResource( 2 )]
transform = Transform( -0.287203, 0.200312, 0.936691, -0.0364546, 0.974895, -0.219659, -0.957176, -0.0972335, -0.272691, -447.199, 10.6359, -47.7601 )

[node name="BlueTree87" parent="AssetDistributor" instance=ExtResource( 11 )]
transform = Transform( -0.827931, 0.209412, -0.520267, 0.217712, 0.97493, 0.0459601, 0.516848, -0.0752168, -0.852766, 144.586, 11.3315, 17.0253 )

[node name="BlueTree88" parent="AssetDistributor" instance=ExtResource( 11 )]
transform = Transform( -0.653616, -0.197227, -0.730676, -0.0913652, 0.978949, -0.182513, 0.751291, -0.052535, -0.657877, -368.29, 16.4328, -162.143 )

[node name="BlueTree89" parent="AssetDistributor" instance=ExtResource( 11 )]
transform = Transform( 0.156978, -0.0478658, 0.986441, -0.0675568, 0.995965, 0.0590786, -0.985289, -0.0759149, 0.153111, -481.691, 12.0646, -235.774 )

[node name="BlueTree90" parent="AssetDistributor" instance=ExtResource( 2 )]
transform = Transform( -0.960114, 0.124704, -0.25026, 0.0668328, 0.971443, 0.227666, 0.271505, 0.20186, -0.94103, 184.475, 13.9229, 348.738 )

[node name="BlueTree91" parent="AssetDistributor" instance=ExtResource( 11 )]
transform = Transform( -0.442612, -0.0587935, 0.894784, -0.195792, 0.980108, -0.03245, -0.875077, -0.189554, -0.445319, -366.868, 11.4976, 139.109 )

[node name="BlueTree92" parent="AssetDistributor" instance=ExtResource( 2 )]
transform = Transform( -0.067115, 0.0853939, 0.994084, 0.19316, 0.978593, -0.0710221, -0.978869, 0.187251, -0.082173, -2.4285, 19.2558, -165.407 )

[node name="Bush134" parent="AssetDistributor" instance=ExtResource( 3 )]
transform = Transform( 0.943185, 0.149259, 0.296858, -0.122712, 0.986739, -0.106243, -0.308779, 0.0637791, 0.948993, -90.6774, 19.6108, -283.85 )

[node name="BlueTree93" parent="AssetDistributor" instance=ExtResource( 12 )]
transform = Transform( 0.937947, 0.0285815, 0.345598, -0.0810922, 0.987043, 0.138453, -0.337163, -0.157887, 0.928113, 321.666, 7.3371, -223.264 )

[node name="BlueTree94" parent="AssetDistributor" instance=ExtResource( 12 )]
transform = Transform( -0.53013, -0.00637835, 0.847892, 0.121862, 0.989017, 0.0836321, -0.839114, 0.147662, -0.523531, -48.9291, 6.64038, -12.236 )

[node name="BlueTree95" parent="AssetDistributor" instance=ExtResource( 11 )]
transform = Transform( 0.407639, 0.209752, -0.888726, -0.0592498, 0.977285, 0.203476, 0.911219, -0.0302881, 0.410808, 345.065, 9.06261, -404.828 )

[node name="BlueTree96" parent="AssetDistributor" instance=ExtResource( 14 )]
transform = Transform( -0.966021, -0.0411487, -0.255167, -0.0107033, 0.992768, -0.119575, 0.258242, -0.112781, -0.959475, 45.9566, 9.90429, -118.41 )

[node name="Rock33" parent="AssetDistributor" instance=ExtResource( 4 )]
transform = Transform( -0.875451, -0.0948431, -0.47391, -0.0261014, 0.988403, -0.149591, 0.482602, -0.11859, -0.867774, 193.39, 5.83987, -278.657 )

[node name="Bush135" parent="AssetDistributor" instance=ExtResource( 3 )]
transform = Transform( 0.23624, 0.0375056, 0.970971, 0.224294, 0.970165, -0.0920459, -0.945454, 0.239528, 0.220779, 196.995, 21.0293, -434.216 )

[node name="BlueTree97" parent="AssetDistributor" instance=ExtResource( 2 )]
transform = Transform( 0.815822, 0.234439, -0.528651, -0.122173, 0.963381, 0.238687, 0.56525, -0.130139, 0.81459, 436.002, 2.84128, -60.5375 )

[node name="BlueTree98" parent="AssetDistributor" instance=ExtResource( 12 )]
transform = Transform( -0.967874, 0.251431, 0.00175957, 0.249287, 0.958662, 0.137197, 0.0328088, 0.133228, -0.990542, -161.233, 26.1485, 434.206 )

[node name="Rock34" parent="AssetDistributor" instance=ExtResource( 4 )]
transform = Transform( -0.985407, -0.166306, -0.0362739, -0.154989, 0.964747, -0.212703, 0.0703688, -0.203977, -0.976443, -294.762, 9.4648, 457.123 )

[node name="BlueTree99" parent="AssetDistributor" instance=ExtResource( 13 )]
transform = Transform( -0.91175, 0.121319, -0.392421, 0.191207, 0.970917, -0.144086, 0.363527, -0.206404, -0.90843, 154.82, 6.84617, 355.021 )

[node name="BlueTree100" parent="AssetDistributor" instance=ExtResource( 14 )]
transform = Transform( -0.563667, -0.182466, -0.805596, -0.0593333, 0.981721, -0.180843, 0.823868, -0.0541364, -0.56419, -326.373, 14.5516, 154.312 )

[node name="BlueTree101" parent="AssetDistributor" instance=ExtResource( 11 )]
transform = Transform( -0.00714435, -0.0770408, -0.997002, -0.232914, 0.969734, -0.0732647, 0.972471, 0.231692, -0.024872, 297.35, 7.85044, -178.594 )

[node name="Bush136" parent="AssetDistributor" instance=ExtResource( 3 )]
transform = Transform( 0.951292, -0.0881594, -0.295416, 0.0626917, 0.993538, -0.0946174, 0.301849, 0.0714887, 0.950672, 461.414, 20.5403, 94.9498 )

[node name="Rock35" parent="AssetDistributor" instance=ExtResource( 4 )]
transform = Transform( 0.0872591, -0.11213, 0.989855, 0.153633, 0.983272, 0.0978406, -0.984268, 0.143537, 0.103026, 222.407, 10.0639, 457.499 )

[node name="BlueTree102" parent="AssetDistributor" instance=ExtResource( 13 )]
transform = Transform( -0.798892, 0.0782115, 0.596368, 0.155482, 0.984663, 0.0791477, -0.581032, 0.155955, -0.798799, -406.21, 21.4621, -210.321 )

[node name="BlueTree103" parent="AssetDistributor" instance=ExtResource( 2 )]
transform = Transform( -0.43148, 0.267048, -0.861691, 0.176948, 0.96168, 0.209431, 0.884598, -0.0621095, -0.462199, 372.625, 12.5249, -158.493 )

[node name="BlueTree104" parent="AssetDistributor" instance=ExtResource( 13 )]
transform = Transform( -0.986571, 0.0416049, 0.157943, 0.0649702, 0.98718, 0.145788, -0.149853, 0.154092, -0.976627, -172.266, 29.8739, 340.995 )

[node name="BlueTree105" parent="AssetDistributor" instance=ExtResource( 13 )]
transform = Transform( 0.599166, -0.0899512, 0.795556, -0.0713449, 0.983717, 0.164959, -0.79744, -0.155596, 0.582992, -70.8044, 16.0057, 124.699 )

[node name="BlueTree106" parent="AssetDistributor" instance=ExtResource( 11 )]
transform = Transform( 0.785995, -0.150264, -0.599694, 0.133599, 0.988376, -0.0725519, 0.603625, -0.0230931, 0.796934, -235.935, 27.1735, 470.595 )

[node name="Bush137" parent="AssetDistributor" instance=ExtResource( 3 )]
transform = Transform( -0.928505, 0.0320348, -0.369935, 0.0507238, 0.997875, -0.0409005, 0.367839, -0.0567408, -0.928157, 15.2317, 24.8413, 111.936 )

[node name="BlueTree107" parent="AssetDistributor" instance=ExtResource( 13 )]
transform = Transform( -0.0194489, -0.139538, -0.990026, 0.0548935, 0.98857, -0.140411, 0.998303, -0.0570768, -0.0115669, -106.002, 29.4001, -398.584 )

[node name="BlueTree108" parent="AssetDistributor" instance=ExtResource( 14 )]
transform = Transform( 0.143527, -0.00893084, 0.989606, -0.136371, 0.990242, 0.0287152, -0.980205, -0.139075, 0.140909, -46.1595, 18.5504, -363.409 )

[node name="Bush138" parent="AssetDistributor" instance=ExtResource( 3 )]
transform = Transform( -0.684637, -0.181965, -0.705806, -0.154435, 0.982565, -0.103513, 0.712336, 0.0381325, -0.700802, 406.219, 7.16424, -269.904 )

[node name="Bush139" parent="AssetDistributor" instance=ExtResource( 3 )]
transform = Transform( -0.914414, 0.0556203, -0.40094, 0.056248, 0.998365, 0.0102145, 0.400852, -0.0132118, -0.916047, -416.308, 20.2163, -103.878 )

[node name="Bush140" parent="AssetDistributor" instance=ExtResource( 3 )]
transform = Transform( 0.974765, 0.208704, -0.0792235, -0.206936, 0.977894, 0.0300002, 0.0837334, -0.0128489, 0.996405, 480.02, 14.8413, 106.704 )

[node name="BlueTree109" parent="AssetDistributor" instance=ExtResource( 12 )]
transform = Transform( -0.877389, -0.100512, 0.469133, -0.0631232, 0.993493, 0.0948003, -0.475609, 0.0535636, -0.878025, -270.272, 9.26849, 427.041 )

[node name="BlueTree110" parent="AssetDistributor" instance=ExtResource( 11 )]
transform = Transform( -0.646009, -0.0637094, -0.760666, -0.0740486, 0.997041, -0.0206198, 0.75973, 0.0430057, -0.648815, -354.217, 35.7326, -435.174 )

[node name="Bush141" parent="AssetDistributor" instance=ExtResource( 3 )]
transform = Transform( 0.983838, 0.160214, -0.0799597, -0.145847, 0.976081, 0.161226, 0.103878, -0.146958, 0.983673, 271.297, 11.0479, 289.342 )

[node name="BlueTree111" parent="AssetDistributor" instance=ExtResource( 14 )]
transform = Transform( -0.87568, 0.192374, -0.442918, 0.226839, 0.973595, -0.0256119, 0.426296, -0.122899, -0.896196, 48.2338, 16.1033, 319.862 )

[node name="BlueTree112" parent="AssetDistributor" instance=ExtResource( 12 )]
transform = Transform( -0.352662, 0.180516, -0.918174, -0.1494, 0.957768, 0.245683, 0.923748, 0.223818, -0.310799, -373.56, 20.4637, -347.261 )

[node name="BlueTree113" parent="AssetDistributor" instance=ExtResource( 12 )]
transform = Transform( -0.803438, -0.164581, 0.572189, -0.0174474, 0.967131, 0.253681, -0.595133, 0.193834, -0.779901, 175.34, 9.39141, 291.746 )

[node name="BlueTree114" parent="AssetDistributor" instance=ExtResource( 14 )]
transform = Transform( 0.986912, 0.0208327, -0.159908, -0.0411088, 0.99136, -0.124559, 0.155931, 0.129502, 0.979242, 433.783, 11.7312, -275.654 )

[node name="BlueTree115" parent="AssetDistributor" instance=ExtResource( 2 )]
transform = Transform( -0.965542, 0.253228, 0.0600296, 0.238437, 0.953205, -0.185873, -0.104289, -0.165155, -0.980738, 230.202, 13.224, -402.56 )

[node name="BlueTree116" parent="AssetDistributor" instance=ExtResource( 11 )]
transform = Transform( -0.420341, -0.236982, 0.875873, -0.214524, 0.96388, 0.157842, -0.881642, -0.121549, -0.455997, -124.833, 16.0783, 143.228 )

[node name="BlueTree117" parent="AssetDistributor" instance=ExtResource( 2 )]
transform = Transform( 0.391266, -0.0804465, -0.916755, 0.182343, 0.983199, -0.00845378, 0.902032, -0.163857, 0.399361, -450.125, 16.7702, -296.45 )

[node name="BlueTree118" parent="AssetDistributor" instance=ExtResource( 11 )]
transform = Transform( 0.96792, -0.223983, 0.113857, 0.227709, 0.97351, -0.0206805, -0.106209, 0.0459433, 0.993282, 252.866, 7.56814, 29.1476 )

[node name="BlueTree119" parent="AssetDistributor" instance=ExtResource( 14 )]
transform = Transform( -0.219829, 0.128069, 0.967095, 0.0123916, 0.991632, -0.128502, -0.97546, -0.0162645, -0.219576, 21.562, 14.2393, 435.043 )

[node name="BlueTree120" parent="AssetDistributor" instance=ExtResource( 13 )]
transform = Transform( 0.888444, 0.29511, 0.351534, -0.212091, 0.943185, -0.255773, -0.407043, 0.152683, 0.900558, -46.8394, 19.6212, -329.535 )

[node name="BlueTree121" parent="AssetDistributor" instance=ExtResource( 11 )]
transform = Transform( -0.916885, -0.0767532, 0.391702, -0.0614675, 0.996783, 0.0514359, -0.39439, 0.0230839, -0.918653, 194.997, 20.7781, -141.629 )

[node name="BlueTree122" parent="AssetDistributor" instance=ExtResource( 11 )]
transform = Transform( 0.150321, 0.0577606, -0.986948, 0.0901008, 0.993337, 0.0718576, 0.984523, -0.0997266, 0.144115, -452.061, 10.2749, -202.403 )

[node name="Rock36" parent="AssetDistributor" instance=ExtResource( 4 )]
transform = Transform( -0.57866, -0.0123991, 0.815474, -0.198143, 0.972064, -0.125822, -0.791133, -0.234389, -0.564951, 246.815, 26.9326, -462.491 )

[node name="BlueTree123" parent="AssetDistributor" instance=ExtResource( 11 )]
transform = Transform( 0.961129, -0.133555, 0.241647, 0.155063, 0.985262, -0.0722104, -0.228442, 0.106874, 0.967674, -165.187, 26.0476, 443.274 )

[node name="Bush142" parent="AssetDistributor" instance=ExtResource( 3 )]
transform = Transform( 0.519296, 0.042977, -0.853513, 0.0689471, 0.993372, 0.0919682, 0.851809, -0.106606, 0.512891, -45.9538, 14.9785, 497.921 )

[node name="BlueTree124" parent="AssetDistributor" instance=ExtResource( 14 )]
transform = Transform( -0.42603, -0.0011948, 0.904708, -0.0256444, 0.999613, -0.0107559, -0.904346, -0.0277831, -0.425896, 58.2362, 9.0855, -38.8961 )

[node name="BlueTree125" parent="AssetDistributor" instance=ExtResource( 12 )]
transform = Transform( 0.67777, -0.0251498, 0.734844, 0.157275, 0.981243, -0.111477, -0.718257, 0.191128, 0.669012, -62.4619, 17.1621, -292.219 )

[node name="BlueTree126" parent="AssetDistributor" instance=ExtResource( 11 )]
transform = Transform( -0.728964, 0.248238, -0.637957, 0.238673, 0.965621, 0.103016, 0.641597, -0.0771678, -0.76315, -132.536, 15.8156, 140.714 )

[node name="BlueTree127" parent="AssetDistributor" instance=ExtResource( 12 )]
transform = Transform( -0.728891, -0.114671, -0.674958, 0.0202874, 0.981823, -0.188713, 0.684329, -0.151245, -0.713315, 226.605, 16.9357, 204.015 )

[node name="BlueTree128" parent="AssetDistributor" instance=ExtResource( 13 )]
transform = Transform( 0.860406, -0.0708848, 0.504655, 0.173938, 0.97166, -0.160072, -0.479006, 0.225506, 0.848351, 381.011, 8.41504, -419.818 )

[node name="BlueTree129" parent="AssetDistributor" instance=ExtResource( 2 )]
transform = Transform( -0.984601, -0.0168356, -0.174006, 0.0268023, 0.969047, -0.245417, 0.172751, -0.246302, -0.953673, -108.446, 19.8196, -424.77 )

[node name="BlueTree130" parent="AssetDistributor" instance=ExtResource( 14 )]
transform = Transform( 0.695463, -0.00951429, 0.718499, 0.0996464, 0.991528, -0.083322, -0.711619, 0.129543, 0.690519, 357.025, 7.45808, -69.6602 )

[node name="BlueTree131" parent="AssetDistributor" instance=ExtResource( 11 )]
transform = Transform( 0.656953, -0.094499, -0.747986, 0.00554351, 0.992692, -0.120546, 0.753911, 0.0750464, 0.652676, 0.977228, 19.05, -310.176 )

[node name="BlueTree132" parent="AssetDistributor" instance=ExtResource( 2 )]
transform = Transform( -0.141269, -0.081996, 0.98657, -0.253427, 0.966352, 0.0440268, -0.956984, -0.243804, -0.157296, 71.7469, 13.0347, 40.8337 )

[node name="BlueTree133" parent="AssetDistributor" instance=ExtResource( 12 )]
transform = Transform( -0.591895, -0.0841925, -0.801606, 0.0506068, 0.988686, -0.141209, 0.804425, -0.124147, -0.580937, -171.084, 20.0536, -40.1536 )

[node name="BlueTree134" parent="AssetDistributor" instance=ExtResource( 2 )]
transform = Transform( 0.963025, -0.265437, -0.0460996, 0.254924, 0.953158, -0.162798, 0.0871529, 0.145027, 0.985582, 388.88, 2.59895, -65.0072 )

[node name="BlueTree135" parent="AssetDistributor" instance=ExtResource( 13 )]
transform = Transform( 0.195527, -0.245675, 0.949428, 0.163307, 0.962754, 0.215491, -0.967006, 0.112914, 0.228365, -229.097, 19.6464, 84.3435 )

[node name="BlueTree136" parent="AssetDistributor" instance=ExtResource( 11 )]
transform = Transform( 0.138438, 0.0487034, -0.989173, 0.140965, 0.987652, 0.0683569, 0.980288, -0.148901, 0.129863, -3.24839, 15.187, -188.908 )

[node name="BlueTree137" parent="AssetDistributor" instance=ExtResource( 12 )]
transform = Transform( 0.448887, -0.18466, 0.8743, 0.209135, 0.972952, 0.0981216, -0.868771, 0.138801, 0.475364, 450.955, 10.1278, 489.625 )

[node name="BlueTree138" parent="AssetDistributor" instance=ExtResource( 12 )]
transform = Transform( -0.469914, 0.141333, -0.871324, -0.155006, 0.958548, 0.239078, 0.868996, 0.247406, -0.428528, 54.9373, 38.2309, -496.879 )

[node name="BlueTree139" parent="AssetDistributor" instance=ExtResource( 14 )]
transform = Transform( 0.46833, 0.131049, 0.873781, 0.0713108, 0.980107, -0.185218, -0.880671, 0.149053, 0.449668, 417.456, 8.71338, -399.132 )

[node name="BlueTree140" parent="AssetDistributor" instance=ExtResource( 2 )]
transform = Transform( -0.792193, -0.24572, 0.558616, -0.188544, 0.969123, 0.158909, -0.580415, 0.0205629, -0.814061, -211.45, 5.78407, -491.905 )

[node name="BlueTree141" parent="AssetDistributor" instance=ExtResource( 11 )]
transform = Transform( 0.0444018, -0.0368068, 0.998336, 0.224192, 0.9742, 0.0259458, -0.973533, 0.222667, 0.051508, 183.059, 13.9957, -422.158 )

[node name="BlueTree142" parent="AssetDistributor" instance=ExtResource( 12 )]
transform = Transform( 0.205929, 0.0691393, 0.976122, -0.103312, 0.993462, -0.0485721, -0.973098, -0.0908431, 0.211725, 85.8503, 6.75495, 147.722 )

[node name="Bush143" parent="AssetDistributor" instance=ExtResource( 3 )]
