[gd_scene load_steps=52 format=2]

[ext_resource path="res://source/environment/nature/EmalethLandscape.tscn" type="PackedScene" id=1]
[ext_resource path="res://source/environment/nature/trees/tree09.tscn" type="PackedScene" id=2]
[ext_resource path="res://source/environment/nature/bushes/bush01.tscn" type="PackedScene" id=3]
[ext_resource path="res://source/environment/nature/bushes/bush02.tscn" type="PackedScene" id=4]
[ext_resource path="res://source/environment/nature/bushes/bush03.tscn" type="PackedScene" id=5]
[ext_resource path="res://source/environment/nature/bushes/bush04.tscn" type="PackedScene" id=6]
[ext_resource path="res://source/environment/nature/bushes/bush05.tscn" type="PackedScene" id=7]
[ext_resource path="res://source/environment/nature/bushes/bush06.tscn" type="PackedScene" id=8]
[ext_resource path="res://source/environment/nature/bushes/bush07.tscn" type="PackedScene" id=9]
[ext_resource path="res://source/environment/nature/bushes/bush08.tscn" type="PackedScene" id=10]
[ext_resource path="res://source/environment/nature/trees/tree01.tscn" type="PackedScene" id=11]
[ext_resource path="res://source/environment/nature/trees/tree02.tscn" type="PackedScene" id=12]
[ext_resource path="res://source/environment/nature/trees/tree03.tscn" type="PackedScene" id=13]
[ext_resource path="res://source/environment/nature/trees/tree04.tscn" type="PackedScene" id=14]
[ext_resource path="res://source/environment/nature/trees/tree05.tscn" type="PackedScene" id=15]
[ext_resource path="res://source/environment/nature/trees/tree06.tscn" type="PackedScene" id=16]
[ext_resource path="res://source/environment/nature/trees/tree07.tscn" type="PackedScene" id=17]
[ext_resource path="res://source/environment/nature/trees/tree08.tscn" type="PackedScene" id=18]
[ext_resource path="res://source/environment/nature/trees/tree33.tscn" type="PackedScene" id=19]
[ext_resource path="res://source/environment/nature/trees/tree10.tscn" type="PackedScene" id=20]
[ext_resource path="res://source/environment/nature/trees/tree11.tscn" type="PackedScene" id=21]
[ext_resource path="res://source/environment/nature/trees/tree12.tscn" type="PackedScene" id=22]
[ext_resource path="res://source/environment/nature/trees/tree13.tscn" type="PackedScene" id=23]
[ext_resource path="res://source/environment/nature/trees/tree14.tscn" type="PackedScene" id=24]
[ext_resource path="res://source/environment/nature/trees/tree15.tscn" type="PackedScene" id=25]
[ext_resource path="res://source/environment/nature/trees/tree16.tscn" type="PackedScene" id=26]
[ext_resource path="res://source/environment/nature/trees/tree17.tscn" type="PackedScene" id=27]
[ext_resource path="res://source/environment/nature/trees/tree18.tscn" type="PackedScene" id=28]
[ext_resource path="res://source/environment/nature/trees/tree19.tscn" type="PackedScene" id=29]
[ext_resource path="res://source/environment/nature/trees/tree20.tscn" type="PackedScene" id=30]
[ext_resource path="res://source/environment/nature/trees/tree21.tscn" type="PackedScene" id=31]
[ext_resource path="res://source/environment/nature/trees/tree22.tscn" type="PackedScene" id=32]
[ext_resource path="res://source/environment/nature/trees/tree23.tscn" type="PackedScene" id=33]
[ext_resource path="res://source/environment/nature/trees/tree24.tscn" type="PackedScene" id=34]
[ext_resource path="res://source/environment/nature/trees/tree25.tscn" type="PackedScene" id=35]
[ext_resource path="res://source/environment/nature/trees/tree26.tscn" type="PackedScene" id=36]
[ext_resource path="res://source/environment/nature/trees/tree27.tscn" type="PackedScene" id=37]
[ext_resource path="res://source/environment/nature/trees/tree28.tscn" type="PackedScene" id=38]
[ext_resource path="res://source/environment/nature/trees/tree29.tscn" type="PackedScene" id=39]
[ext_resource path="res://source/environment/nature/trees/tree30.tscn" type="PackedScene" id=40]
[ext_resource path="res://source/environment/nature/trees/tree31.tscn" type="PackedScene" id=41]
[ext_resource path="res://source/environment/nature/trees/tree32.tscn" type="PackedScene" id=42]
[ext_resource path="res://source/environment/nature/trees/tree34.tscn" type="PackedScene" id=43]
[ext_resource path="res://source/environment/nature/trees/tree35.tscn" type="PackedScene" id=44]
[ext_resource path="res://source/environment/nature/trees/tree36.tscn" type="PackedScene" id=45]
[ext_resource path="res://source/environment/nature/rocks/rock_handpainted_1.tscn" type="PackedScene" id=46]
[ext_resource path="res://source/environment/nature/rocks/rock_handpainted_2.tscn" type="PackedScene" id=47]
[ext_resource path="res://source/environment/nature/rocks/rock_handpainted_3.tscn" type="PackedScene" id=48]
[ext_resource path="res://source/environment/nature/rocks/rock_handpainted_4.tscn" type="PackedScene" id=49]
[ext_resource path="res://source/environment/nature/rocks/rock_handpainted_5.tscn" type="PackedScene" id=50]
[ext_resource path="res://source/AssetDistributor.tscn" type="PackedScene" id=51]

[node name="W" type="Node"]

[node name="DirectionalLight" type="DirectionalLight" parent="."]
transform = Transform( 1, 0, 0, 0, 0.757485, 0.652852, 0, -0.652852, 0.757485, 0, 0, 0 )
light_color = Color( 0.898039, 0.980392, 0.188235, 1 )
light_energy = 0.3

[node name="EmalethLandscape" parent="." instance=ExtResource( 1 )]

[node name="AssetDistributor" parent="." instance=ExtResource( 51 )]
density = 3000
extents = 500

[node name="tree825" parent="AssetDistributor" instance=ExtResource( 42 )]
transform = Transform( 0.995222, -0.09173, 0.0334445, 0.0806807, 0.965547, 0.247406, -0.0549868, -0.243526, 0.968334, 484.559, 0, 344.64 )

[node name="tree826" parent="AssetDistributor" instance=ExtResource( 42 )]
transform = Transform( -0.200619, 0.207641, -0.957412, -0.0356528, 0.975086, 0.218945, 0.97902, 0.0780588, -0.188217, 433.652, 0.00701141, 144.815 )

[node name="tree827" parent="AssetDistributor" instance=ExtResource( 36 )]
transform = Transform( 0.87172, -0.00312836, 0.489994, 0.144497, 0.957153, -0.250955, -0.468214, 0.289565, 0.834822, -420.121, 0, 438.8 )

[node name="tree828" parent="AssetDistributor" instance=ExtResource( 21 )]
transform = Transform( 0.295489, 0.0552051, 0.95375, -0.0113471, 0.998461, -0.0542775, -0.955279, 0.00521616, 0.295661, -461.722, 0.0115814, 108.406 )

[node name="tree829" parent="AssetDistributor" instance=ExtResource( 18 )]
transform = Transform( -0.064676, -0.0156528, 0.997784, 0.0718661, 0.997208, 0.0203021, -0.995315, 0.0730199, -0.0633705, -486.847, 0.000787735, 236.001 )

[node name="tree830" parent="AssetDistributor" instance=ExtResource( 25 )]
transform = Transform( -0.74794, 0.177319, 0.639643, 0.176092, 0.982135, -0.0663573, -0.639982, 0.0630047, -0.765802, 99.1768, 0.203304, 54.0943 )

[node name="tree831" parent="AssetDistributor" instance=ExtResource( 25 )]
transform = Transform( 0.958915, -0.079942, 0.272196, 0.118468, 0.984652, -0.128163, -0.257773, 0.155143, 0.953669, 78.3352, 4.01047, -316.681 )

[node name="tree832" parent="AssetDistributor" instance=ExtResource( 11 )]
transform = Transform( 0.791214, -0.0786744, 0.606458, 0.12476, 0.9916, -0.0341296, -0.598679, 0.102665, 0.794383, 78.3352, 4.01047, -316.681 )

[node name="tree833" parent="AssetDistributor" instance=ExtResource( 29 )]
transform = Transform( 0.995966, 0.069602, -0.0566359, -0.0625456, 0.991038, 0.118033, 0.0643437, -0.114015, 0.991393, -496.712, 0, -453.883 )

[node name="tree834" parent="AssetDistributor" instance=ExtResource( 29 )]
transform = Transform( 0.53153, -0.147558, -0.834088, -0.0510262, 0.977343, -0.205418, 0.845501, 0.151746, 0.511958, -496.712, 0, -453.883 )

[node name="tree835" parent="AssetDistributor" instance=ExtResource( 37 )]
transform = Transform( -0.274257, -0.228055, 0.934224, -0.0106609, 0.972135, 0.234179, -0.961597, 0.0542656, -0.269046, -486.001, 0, -348.276 )

[node name="tree836" parent="AssetDistributor" instance=ExtResource( 21 )]
transform = Transform( -0.983379, -0.061556, -0.170814, -0.0836121, 0.988616, 0.12509, 0.161169, 0.137293, -0.977331, -486.001, 0, -348.276 )

[node name="tree837" parent="AssetDistributor" instance=ExtResource( 37 )]
transform = Transform( -0.974543, -0.150343, -0.166324, -0.144525, 0.988402, -0.0466204, 0.171404, -0.0213955, -0.984968, 478.854, 0, -339.011 )

[node name="tree838" parent="AssetDistributor" instance=ExtResource( 43 )]
transform = Transform( -0.967149, 0.0985254, 0.23434, 0.101729, 0.994811, 0.00159157, -0.232967, 0.0253785, -0.972153, 111.704, 14.2688, -217.027 )

[node name="tree839" parent="AssetDistributor" instance=ExtResource( 11 )]
transform = Transform( -0.985699, 0.150408, -0.0759883, 0.136801, 0.977535, 0.160344, 0.0983983, 0.147656, -0.984132, 483.488, 0, -455.431 )

[node name="tree840" parent="AssetDistributor" instance=ExtResource( 38 )]
transform = Transform( -0.976064, -0.102903, -0.191597, -0.0888324, 0.992775, -0.0806585, 0.198512, -0.061708, -0.978154, 184.482, 2.64987, -76.0257 )

[node name="bush100" parent="AssetDistributor" instance=ExtResource( 7 )]
transform = Transform( -0.473, -0.142831, 0.869408, -0.205424, 0.977455, 0.0488212, -0.85678, -0.155505, -0.491677, -489.713, 0, 466.103 )

[node name="tree841" parent="AssetDistributor" instance=ExtResource( 32 )]
transform = Transform( -0.996348, 0.0731398, -0.0440566, 0.0718614, 0.996965, 0.0299358, 0.0461124, 0.0266605, -0.99858, 14.2255, 0.0769424, -401.853 )

[node name="tree842" parent="AssetDistributor" instance=ExtResource( 19 )]
transform = Transform( -0.398177, 0.0367445, 0.916572, -0.201423, 0.971309, -0.126441, -0.894921, -0.234964, -0.379352, -457.659, 0, -398.918 )

[node name="bush101" parent="AssetDistributor" instance=ExtResource( 8 )]
transform = Transform( -0.645877, 0.101396, 0.756678, 0.0330738, 0.993927, -0.104956, -0.762725, -0.0427626, -0.645308, -305.797, 0.266582, 389.762 )

[node name="tree843" parent="AssetDistributor" instance=ExtResource( 42 )]
transform = Transform( 0.438681, 0.114053, -0.891376, -0.0633624, 0.99337, 0.0959208, 0.896406, 0.0144011, 0.442999, -454.611, 0.0138493, 254.306 )

[node name="tree844" parent="AssetDistributor" instance=ExtResource( 20 )]
transform = Transform( -0.590269, -0.1705, 0.788994, -0.108515, 0.985326, 0.131743, -0.799879, -0.00785413, -0.60011, -454.611, 0.0138493, 254.306 )

[node name="tree845" parent="AssetDistributor" instance=ExtResource( 42 )]
transform = Transform( 0.957629, -0.0551278, -0.282679, -0.0170399, 0.968945, -0.246689, 0.2875, 0.241053, 0.926951, 393.166, 0, 460.318 )

[node name="tree846" parent="AssetDistributor" instance=ExtResource( 15 )]
transform = Transform( -0.907921, 0.202264, 0.367109, 0.256047, 0.961084, 0.103722, -0.331843, 0.188168, -0.924377, -303.68, 0.0235577, 451.76 )

[node name="tree847" parent="AssetDistributor" instance=ExtResource( 14 )]
transform = Transform( 0.493659, 0.0460512, 0.868436, -0.204138, 0.976832, 0.0642424, -0.845357, -0.208995, 0.491622, 71.1356, 1.84925, -46.6781 )

[node name="tree848" parent="AssetDistributor" instance=ExtResource( 37 )]
transform = Transform( -0.317909, -0.0492579, 0.946841, 0.0754358, 0.99417, 0.0770482, -0.945116, 0.09592, -0.312339, -103.812, 0.187672, 430.837 )

[node name="bush102" parent="AssetDistributor" instance=ExtResource( 10 )]
transform = Transform( -0.392108, -0.147204, -0.908065, 0.0776539, 0.978294, -0.19212, 0.916636, -0.145847, -0.372166, 428.506, 0, -474.125 )

[node name="tree849" parent="AssetDistributor" instance=ExtResource( 18 )]
transform = Transform( -0.61547, 0.0741618, -0.784664, -0.115096, 0.976434, 0.182565, 0.779712, 0.202675, -0.592429, -408.043, 0.000383377, 424.674 )

[node name="tree850" parent="AssetDistributor" instance=ExtResource( 30 )]
transform = Transform( 0.605614, -0.0656869, -0.793043, 0.172658, 0.983693, 0.0503733, 0.776802, -0.167432, 0.607079, 137.25, 0.104374, 75.9716 )

[node name="tree851" parent="AssetDistributor" instance=ExtResource( 20 )]
transform = Transform( 0.943665, -0.077788, -0.32163, 0.119262, 0.986605, 0.111301, 0.308664, -0.143389, 0.940301, 428.763, 0.0516815, -332.206 )

[node name="bush103" parent="AssetDistributor" instance=ExtResource( 5 )]
transform = Transform( 0.372786, -0.0360934, 0.927215, -0.129152, 0.987499, 0.0903657, -0.918885, -0.153439, 0.363464, 459.271, 0.00139427, 149.888 )

[node name="bush104" parent="AssetDistributor" instance=ExtResource( 10 )]
transform = Transform( 0.041386, -0.0976552, 0.994359, 0.135303, 0.986592, 0.091261, -0.98994, 0.130763, 0.0540441, -486.482, 0.000267029, -33.3463 )

[node name="tree852" parent="AssetDistributor" instance=ExtResource( 30 )]
transform = Transform( 0.41193, -0.0177566, 0.911042, -0.15298, 0.984272, 0.088354, -0.898282, -0.175766, 0.402735, -486.482, 0.000267029, -33.3463 )

[node name="tree853" parent="AssetDistributor" instance=ExtResource( 45 )]
transform = Transform( 0.520625, -0.00340326, -0.853778, 0.0660398, 0.997157, 0.0362956, 0.851227, -0.0752797, 0.51937, -491.528, 0.000226974, 227.554 )

[node name="tree854" parent="AssetDistributor" instance=ExtResource( 25 )]
transform = Transform( -0.870362, 0.226653, 0.437149, 0.224777, 0.972752, -0.0568224, -0.438116, 0.0488047, -0.897592, 351.069, 0.319893, -357.368 )

[node name="tree855" parent="AssetDistributor" instance=ExtResource( 38 )]
transform = Transform( -0.904569, -0.0478316, -0.423635, -0.123009, 0.980708, 0.151926, 0.408196, 0.189538, -0.893001, -489.059, 0.00150108, 176.383 )

[node name="rock_handpainted_19" parent="AssetDistributor" instance=ExtResource( 46 )]
transform = Transform( -0.92545, 0.0384838, 0.37691, 0.0250717, 0.998868, -0.0404277, -0.378039, -0.027964, -0.925367, 177.352, 3.67583, -125.014 )

[node name="tree856" parent="AssetDistributor" instance=ExtResource( 25 )]
transform = Transform( -0.991883, -0.103385, -0.0740236, -0.0852949, 0.972736, -0.21566, 0.0943014, -0.207596, -0.973659, -265.779, 0.00905228, 475.788 )

[node name="tree857" parent="AssetDistributor" instance=ExtResource( 43 )]
transform = Transform( 0.976585, 0.210928, -0.0423309, -0.208323, 0.976299, 0.05867, 0.0537027, -0.0484777, 0.99738, -11.8962, 10.8326, -96.2195 )

[node name="tree858" parent="AssetDistributor" instance=ExtResource( 38 )]
transform = Transform( -0.128145, -0.240202, 0.962227, -0.027889, 0.970716, 0.238607, -0.991363, 0.0037407, -0.131091, 455.235, 0.0141258, -205.538 )

[node name="tree859" parent="AssetDistributor" instance=ExtResource( 16 )]
transform = Transform( 0.745131, -0.126627, 0.654786, 0.167383, 0.985892, 0.000180702, -0.645571, 0.109466, 0.755814, 455.235, 0.0141258, -205.538 )

[node name="tree860" parent="AssetDistributor" instance=ExtResource( 12 )]
transform = Transform( -0.988274, 0.139695, 0.0616373, 0.129156, 0.980134, -0.15052, -0.0814397, -0.140795, -0.986684, 455.235, 0.0141258, -205.538 )

[node name="bush105" parent="AssetDistributor" instance=ExtResource( 7 )]
transform = Transform( 0.481782, -0.166716, -0.860286, 0.159601, 0.982009, -0.100924, 0.861634, -0.0886793, 0.499723, 455.235, 0.0141258, -205.538 )

[node name="tree861" parent="AssetDistributor" instance=ExtResource( 20 )]
transform = Transform( -0.231002, 0.235994, 0.943899, 0.219589, 0.957753, -0.185717, -0.94785, 0.164368, -0.273064, -424.668, 0.0103855, 198.524 )

[node name="tree862" parent="AssetDistributor" instance=ExtResource( 41 )]
transform = Transform( 0.985009, -0.0782417, 0.153741, 0.110763, 0.970101, -0.215951, -0.132248, 0.229742, 0.964225, -424.668, 0.0103855, 198.524 )

[node name="tree863" parent="AssetDistributor" instance=ExtResource( 12 )]
transform = Transform( -0.669889, -0.17674, 0.721118, -0.0488538, 0.979642, 0.194719, -0.740852, 0.0952108, -0.664886, -492.149, 0.00112534, 50.087 )

[node name="tree864" parent="AssetDistributor" instance=ExtResource( 12 )]
transform = Transform( -0.708824, -0.0774377, 0.701122, -0.100369, 0.994915, 0.00841498, -0.698208, -0.0644062, -0.712992, 288.623, 0, -490.927 )

[node name="tree865" parent="AssetDistributor" instance=ExtResource( 30 )]
transform = Transform( -0.969641, -0.122762, -0.211483, -0.153053, 0.97918, 0.133348, 0.19071, 0.161668, -0.968242, -58.4049, 2.92791, -213.13 )

[node name="tree866" parent="AssetDistributor" instance=ExtResource( 15 )]
transform = Transform( 0.198638, 0.11551, -0.973242, -0.233489, 0.970016, 0.0674716, 0.951854, 0.213839, 0.219652, -58.4049, 2.92791, -213.13 )

[node name="tree867" parent="AssetDistributor" instance=ExtResource( 27 )]
transform = Transform( -0.0831256, -0.214153, 0.973257, 0.104525, 0.969376, 0.222227, -0.991042, 0.120202, -0.0581957, -251.557, 0.0316505, -395.071 )

[node name="tree868" parent="AssetDistributor" instance=ExtResource( 39 )]
transform = Transform( 0.539757, 0.169121, -0.824657, -0.101199, 0.985543, 0.135879, 0.835716, 0.0101125, 0.549069, 450.524, 0, 453.084 )

[node name="tree869" parent="AssetDistributor" instance=ExtResource( 23 )]
transform = Transform( 0.241576, -0.0412781, -0.969503, -0.178158, 0.980225, -0.0861273, 0.953887, 0.193531, 0.229445, 450.524, 0, 453.084 )

[node name="tree870" parent="AssetDistributor" instance=ExtResource( 32 )]
transform = Transform( -0.207592, -0.0714925, 0.9756, 0.0941071, 0.99124, 0.0926631, -0.973678, 0.111047, -0.199045, -44.9761, 0.0670624, 430.497 )

[node name="bush106" parent="AssetDistributor" instance=ExtResource( 3 )]
transform = Transform( -0.778925, 0.0161386, -0.62691, 0.185395, 0.960912, -0.205613, 0.599087, -0.276383, -0.75147, -44.9761, 0.0670624, 430.497 )

[node name="tree871" parent="AssetDistributor" instance=ExtResource( 27 )]
transform = Transform( -0.867047, -0.0906445, -0.489911, -0.0292777, 0.990881, -0.131519, 0.497365, -0.09969, -0.861794, 490.873, 0.000167847, 185.284 )

[node name="tree872" parent="AssetDistributor" instance=ExtResource( 20 )]
transform = Transform( 0.889029, -0.115844, -0.442954, 0.169879, 0.981863, 0.0841729, 0.425169, -0.150081, 0.892584, -474.634, 0, 382.28 )

[node name="bush107" parent="AssetDistributor" instance=ExtResource( 7 )]
transform = Transform( -0.865069, -0.145949, 0.479952, -0.132421, 0.989244, 0.0621438, -0.48386, -0.00979687, -0.875091, -474.634, 0, 382.28 )

[node name="rock_handpainted_20" parent="AssetDistributor" instance=ExtResource( 50 )]
transform = Transform( 0.592434, -0.0997625, -0.799418, 0.0256248, 0.994134, -0.105072, 0.805211, 0.0417631, 0.591515, -58.0407, 0.0119324, 385.998 )

[node name="bush108" parent="AssetDistributor" instance=ExtResource( 8 )]
transform = Transform( 0.933105, 0.209019, -0.292619, -0.136635, 0.958777, 0.249155, 0.332635, -0.192506, 0.923199, -58.0407, 0.0119324, 385.998 )

[node name="tree873" parent="AssetDistributor" instance=ExtResource( 16 )]
transform = Transform( 0.372575, -0.204606, 0.905165, 0.000302593, 0.975418, 0.220362, -0.928002, -0.0818275, 0.363478, 317.591, 1.28422, -93.9696 )

[node name="tree874" parent="AssetDistributor" instance=ExtResource( 30 )]
transform = Transform( -0.989132, 0.14673, 0.00935457, 0.145908, 0.971773, 0.185389, 0.0181116, 0.184739, -0.982621, -469.725, 0.00648499, -4.61358 )

[node name="tree875" parent="AssetDistributor" instance=ExtResource( 29 )]
transform = Transform( 0.988746, -0.146311, 0.0312098, 0.136234, 0.966782, 0.21627, -0.0618158, -0.209584, 0.975835, -24.8266, 0.316578, -44.8705 )

[node name="tree876" parent="AssetDistributor" instance=ExtResource( 45 )]
transform = Transform( -0.842997, -0.134422, -0.520852, -0.227378, 0.966563, 0.118559, 0.487499, 0.218375, -0.845374, 49.0411, 13.1936, -91.4603 )

[node name="tree877" parent="AssetDistributor" instance=ExtResource( 22 )]
transform = Transform( 0.748351, 0.0171755, 0.663081, -0.064161, 0.996851, 0.0465909, -0.660193, -0.0774102, 0.747097, 65.0795, 22.4071, -114.493 )

[node name="tree878" parent="AssetDistributor" instance=ExtResource( 14 )]
transform = Transform( -0.208491, -0.289954, -0.934055, -0.193095, 0.948447, -0.25132, 0.958773, 0.127963, -0.253732, 77.8085, 12.0221, -95.4669 )

[node name="tree879" parent="AssetDistributor" instance=ExtResource( 24 )]
transform = Transform( -0.523989, -0.149974, 0.838417, 0.0212978, 0.98176, 0.188926, -0.851459, 0.116851, -0.511237, 77.8085, 12.0221, -95.4669 )

[node name="tree880" parent="AssetDistributor" instance=ExtResource( 25 )]
transform = Transform( 0.970466, -0.239789, -0.026387, 0.241112, 0.967657, 0.0741926, 0.00774294, -0.0783637, 0.996895, 140.158, 1.56149, -13.5253 )

[node name="tree881" parent="AssetDistributor" instance=ExtResource( 29 )]
transform = Transform( -0.696324, 0.203029, 0.688413, 0.104634, 0.977625, -0.182489, -0.71006, -0.0550398, -0.701987, 364.748, 0.55294, -337.135 )

[node name="tree882" parent="AssetDistributor" instance=ExtResource( 42 )]
transform = Transform( -0.970002, -0.19947, 0.138952, -0.229971, 0.938228, -0.258536, -0.078799, -0.282735, -0.955956, 169.46, 5.39095, -300.532 )

[node name="tree883" parent="AssetDistributor" instance=ExtResource( 12 )]
transform = Transform( 0.997732, 0.059482, 0.031498, -0.0586603, 0.997929, -0.0263987, -0.033003, 0.0244911, 0.999155, 169.46, 5.39095, -300.532 )

[node name="tree884" parent="AssetDistributor" instance=ExtResource( 18 )]
transform = Transform( -0.24271, -0.267077, 0.93261, -0.143897, 0.960632, 0.237653, -0.959367, -0.0765194, -0.271587, 396.668, 0.679363, -251.715 )

[node name="tree885" parent="AssetDistributor" instance=ExtResource( 22 )]
transform = Transform( -0.132481, 0.181443, -0.974437, -0.0144027, 0.982646, 0.18493, 0.991081, 0.0385343, -0.127569, 396.668, 0.679363, -251.715 )

[node name="tree886" parent="AssetDistributor" instance=ExtResource( 13 )]
transform = Transform( -0.729488, -0.0646929, 0.680928, -0.243949, 0.954656, -0.170647, -0.639013, -0.290596, -0.712192, 312.053, 1.58869, -337.572 )

[node name="tree887" parent="AssetDistributor" instance=ExtResource( 32 )]
transform = Transform( -0.179179, -0.115986, -0.976956, 0.222204, 0.962595, -0.155035, 0.958395, -0.244863, -0.146704, 156.858, 0.217682, -353.069 )

[node name="tree888" parent="AssetDistributor" instance=ExtResource( 23 )]
transform = Transform( 0.609342, -0.205109, -0.76592, 0.130384, 0.978733, -0.158369, 0.782114, -0.00336292, 0.623126, -157.797, 0.10998, -171.796 )

[node name="tree889" parent="AssetDistributor" instance=ExtResource( 43 )]
transform = Transform( -0.992727, 0.0804662, 0.0895429, 0.0791824, 0.996701, -0.0178045, -0.0906802, -0.0105848, -0.995824, -157.797, 0.10998, -171.796 )

[node name="tree890" parent="AssetDistributor" instance=ExtResource( 2 )]
transform = Transform( 0.934148, 0.208996, -0.289288, -0.231024, 0.971961, -0.0438136, 0.27202, 0.107761, 0.956239, -157.797, 0.10998, -171.796 )

[node name="tree891" parent="AssetDistributor" instance=ExtResource( 32 )]
transform = Transform( 0.348432, 0.0525724, 0.935859, 0.0935226, 0.991494, -0.0905173, -0.932657, 0.119063, 0.340551, 458.106, 0.00358772, 141.603 )

[node name="tree892" parent="AssetDistributor" instance=ExtResource( 29 )]
transform = Transform( -0.590461, -0.0713253, 0.803908, 0.0303182, 0.993424, 0.110408, -0.806496, 0.0895647, -0.584416, 138.129, 7.69516, -138.224 )

[node name="tree893" parent="AssetDistributor" instance=ExtResource( 33 )]
transform = Transform( 0.466751, -0.208536, 0.859451, 0.144338, 0.976735, 0.158607, -0.872531, 0.0500213, 0.485991, 13.1486, 5.18236, -307.232 )

[node name="tree894" parent="AssetDistributor" instance=ExtResource( 13 )]
transform = Transform( -0.601189, -0.0688422, -0.796136, 0.13343, 0.973648, -0.18495, 0.787888, -0.217418, -0.576161, 109.785, 3.06932, -307.801 )

[node name="tree895" parent="AssetDistributor" instance=ExtResource( 38 )]
transform = Transform( 0.863739, -0.277659, 0.420548, 0.201266, 0.955142, 0.217246, -0.462004, -0.103002, 0.880876, -129.925, 0.11202, -183.891 )

[node name="bush109" parent="AssetDistributor" instance=ExtResource( 9 )]
transform = Transform( -0.121563, 0.0585699, -0.990854, 0.0663943, 0.996502, 0.0507581, 0.990361, -0.0596167, -0.125027, -100.089, 3.19942, -261.243 )

[node name="bush110" parent="AssetDistributor" instance=ExtResource( 7 )]
transform = Transform( 0.546104, -0.0800928, 0.83388, 0.0316649, 0.996681, 0.0749925, -0.837119, -0.0145489, 0.546827, 147.402, 1.26935, -78.7268 )

[node name="tree896" parent="AssetDistributor" instance=ExtResource( 43 )]
transform = Transform( 0.338197, 0.186081, -0.922495, -0.190945, 0.973435, 0.126354, 0.9215, 0.133413, 0.364744, -53.7547, 1.70412, -303.949 )

[node name="tree897" parent="AssetDistributor" instance=ExtResource( 27 )]
transform = Transform( 0.641625, -0.00185862, 0.767016, 0.205135, 0.963986, -0.169264, -0.739078, 0.265946, 0.618899, 385.087, 0.910633, -277.358 )

[node name="tree898" parent="AssetDistributor" instance=ExtResource( 44 )]
transform = Transform( 0.601297, -0.133669, -0.787765, 0.16412, 0.985548, -0.0419566, 0.781988, -0.10406, 0.614545, -266.615, 1.47723, 373.593 )

[node name="bush111" parent="AssetDistributor" instance=ExtResource( 3 )]
transform = Transform( 0.95689, -0.137542, 0.255821, 0.179641, 0.972359, -0.149155, -0.228235, 0.188681, 0.955148, 309.946, 0.0210342, -439.616 )

[node name="tree899" parent="AssetDistributor" instance=ExtResource( 35 )]
transform = Transform( 0.262081, -0.118433, -0.957751, 0.0281511, 0.992957, -0.115084, 0.964635, 0.0031995, 0.263569, 309.946, 0.0210342, -439.616 )

[node name="tree900" parent="AssetDistributor" instance=ExtResource( 11 )]
transform = Transform( 0.289446, 0.0249904, -0.956868, -0.00405542, 0.999682, 0.0248819, 0.957186, -0.00332146, 0.289455, -305.017, 0.0989704, 418.265 )

[node name="tree901" parent="AssetDistributor" instance=ExtResource( 30 )]
transform = Transform( 0.144302, 0.234979, -0.961229, -0.253093, 0.94785, 0.193713, 0.956619, 0.215327, 0.196248, 187.192, 0.0214367, -406.358 )

[node name="bush112" parent="AssetDistributor" instance=ExtResource( 4 )]
transform = Transform( -0.737531, 0.0612417, 0.672531, 0.00842075, 0.996636, -0.0815206, -0.675261, -0.0544608, -0.735566, -265.48, 0.0583649, 258.947 )

[node name="bush113" parent="AssetDistributor" instance=ExtResource( 8 )]
transform = Transform( 0.799299, -0.0676405, -0.597114, 0.189433, 0.971345, 0.143543, 0.570294, -0.227848, 0.789208, 6.10559, 0.00868034, -473.926 )

[node name="tree902" parent="AssetDistributor" instance=ExtResource( 19 )]
transform = Transform( 0.746435, 0.0527919, -0.663361, 0.0850972, 0.981092, 0.173832, 0.659995, -0.186204, 0.727829, -481.461, 0, 374.82 )

[node name="tree903" parent="AssetDistributor" instance=ExtResource( 14 )]
transform = Transform( -0.540863, -0.0443336, 0.839942, -0.00665855, 0.998804, 0.048431, -0.841084, 0.0206017, -0.540511, -355.321, 0.662102, 305.197 )

[node name="tree904" parent="AssetDistributor" instance=ExtResource( 36 )]
transform = Transform( -0.49599, 0.0890427, -0.863751, -0.167496, 0.966236, 0.195789, 0.852021, 0.241784, -0.464329, 186.033, 2.94558, -88.257 )

[node name="tree905" parent="AssetDistributor" instance=ExtResource( 16 )]
transform = Transform( -0.875495, 0.0784316, -0.47682, -0.0296491, 0.976162, 0.215007, 0.482317, 0.202375, -0.8523, 168.078, 10.1543, -284.644 )

[node name="tree906" parent="AssetDistributor" instance=ExtResource( 29 )]
transform = Transform( 0.989446, -0.14092, -0.0337439, 0.138729, 0.988495, -0.0602701, 0.041849, 0.0549527, 0.997612, -403.183, 0.0336723, 196.402 )

[node name="tree907" parent="AssetDistributor" instance=ExtResource( 23 )]
transform = Transform( -0.388113, 0.119018, -0.913894, 0.25788, 0.96604, 0.016292, 0.884797, -0.229352, -0.405625, 237.015, 1.605, -25.8197 )

[node name="tree908" parent="AssetDistributor" instance=ExtResource( 15 )]
transform = Transform( -0.681882, -0.22141, 0.697147, -0.232197, 0.969312, 0.0807349, -0.693629, -0.106824, -0.712368, 272.289, 0.601799, -63.3438 )

[node name="tree909" parent="AssetDistributor" instance=ExtResource( 33 )]
transform = Transform( 0.866375, 0.0051709, 0.499367, 0.0126039, 0.999402, -0.0322157, -0.499235, 0.0342048, 0.865791, 33.462, 12.5235, -170.551 )

[node name="tree910" parent="AssetDistributor" instance=ExtResource( 31 )]
transform = Transform( -0.95189, -0.113245, 0.284748, -0.140296, 0.987157, -0.0764021, -0.272439, -0.112675, -0.955553, 33.462, 12.5235, -170.551 )

[node name="tree911" parent="AssetDistributor" instance=ExtResource( 38 )]
transform = Transform( 0.779764, -0.326669, -0.534093, 0.221638, 0.941872, -0.252494, 0.585529, 0.0785107, 0.806841, 407.323, 0.0134678, -393.547 )

[node name="tree912" parent="AssetDistributor" instance=ExtResource( 29 )]
transform = Transform( 0.976277, 0.213616, 0.0353916, -0.210689, 0.974877, -0.0722839, -0.0499434, 0.0631125, 0.996756, 497.229, 0, 445.202 )

[node name="tree913" parent="AssetDistributor" instance=ExtResource( 39 )]
transform = Transform( -0.194684, -0.0691535, 0.978425, 0.246377, 0.962083, 0.117022, -0.949419, 0.263844, -0.170265, -27.8272, 0.00551796, 410.523 )

[node name="tree914" parent="AssetDistributor" instance=ExtResource( 12 )]
transform = Transform( 0.397953, 0.243999, -0.884363, -0.023368, 0.966366, 0.256109, 0.917108, -0.0812532, 0.390269, 493.29, 0, -414.491 )

[node name="tree915" parent="AssetDistributor" instance=ExtResource( 23 )]
transform = Transform( 0.931041, 0.301143, -0.206096, -0.249953, 0.937767, 0.241075, 0.265868, -0.172936, 0.948371, 493.29, 0, -414.491 )

[node name="bush114" parent="AssetDistributor" instance=ExtResource( 4 )]
transform = Transform( 0.0277658, 0.0458498, 0.998562, 0.100678, 0.99374, -0.0484278, -0.994532, 0.101878, 0.0229759, -21.6306, 0.129955, -365.135 )

[node name="tree916" parent="AssetDistributor" instance=ExtResource( 22 )]
transform = Transform( 0.124995, 0.0148471, 0.992046, -0.220398, 0.975321, 0.0131728, -0.967368, -0.220292, 0.125183, 81.4472, 1.11264, -46.9623 )

[node name="tree917" parent="AssetDistributor" instance=ExtResource( 17 )]
transform = Transform( -0.639264, 0.0133303, -0.768872, -0.191191, 0.965699, 0.175705, 0.744841, 0.259323, -0.614788, 443.166, 0.00276756, 123.582 )

[node name="tree918" parent="AssetDistributor" instance=ExtResource( 22 )]
transform = Transform( -0.992228, -0.116485, 0.043754, -0.118535, 0.991809, -0.0475942, -0.0378516, -0.0524106, -0.997908, -32.0919, 0.000453949, -490.07 )

[node name="tree919" parent="AssetDistributor" instance=ExtResource( 21 )]
transform = Transform( -0.443873, 0.178326, 0.878167, -0.090813, 0.966001, -0.242064, -0.891476, -0.187194, -0.412587, 52.617, 3.22751, -333.459 )

[node name="tree920" parent="AssetDistributor" instance=ExtResource( 43 )]
transform = Transform( 0.56541, 0.140772, 0.812708, 0.0993512, 0.96653, -0.236536, -0.818804, 0.214484, 0.5325, 418.063, 0.145329, -316.952 )

[node name="tree921" parent="AssetDistributor" instance=ExtResource( 12 )]
transform = Transform( 0.626716, -0.303412, 0.717752, 0.250424, 0.950645, 0.1832, -0.737913, 0.0649278, 0.671766, 227.927, 5.15839, -277.482 )

[node name="bush115" parent="AssetDistributor" instance=ExtResource( 7 )]
transform = Transform( -0.0316726, 0.0823826, 0.996097, 0.0832389, 0.993353, -0.0795089, -0.996026, 0.0803958, -0.0383195, 45.5451, 10.2027, -269.112 )

[node name="tree922" parent="AssetDistributor" instance=ExtResource( 12 )]
transform = Transform( 0.624328, -0.147225, -0.767163, 0.142284, 0.987083, -0.0736368, 0.768095, -0.0631814, 0.637212, -491.433, 0.000701904, -4.02385 )

[node name="bush116" parent="AssetDistributor" instance=ExtResource( 9 )]
transform = Transform( -0.661619, 0.0623987, -0.747239, -0.0253256, 0.994103, 0.105437, 0.749412, 0.0886834, -0.656138, -447.635, 0, 406.5 )

[node name="tree923" parent="AssetDistributor" instance=ExtResource( 18 )]
transform = Transform( -0.0594385, 0.0914117, 0.994038, 0.157642, 0.984162, -0.0810773, -0.985706, 0.151883, -0.0729075, 484.46, 0, 406.105 )

[node name="tree924" parent="AssetDistributor" instance=ExtResource( 14 )]
transform = Transform( 0.951786, 0.15938, -0.262108, -0.209241, 0.962118, -0.174775, 0.224323, 0.221192, 0.94908, -64.6498, 2.83098, -262.652 )

[node name="tree925" parent="AssetDistributor" instance=ExtResource( 21 )]
transform = Transform( -0.946272, -0.0286132, -0.322105, -0.00877766, 0.997983, -0.062866, 0.323254, -0.056661, -0.944614, -457.959, 0.00245667, 337.136 )

[node name="tree926" parent="AssetDistributor" instance=ExtResource( 15 )]
transform = Transform( 0.972564, 0.130815, -0.192373, -0.175153, 0.955977, -0.235434, 0.153106, 0.262669, 0.952661, -457.959, 0.00245667, 337.136 )

[node name="tree927" parent="AssetDistributor" instance=ExtResource( 32 )]
transform = Transform( -0.91232, 0.0219288, 0.408891, -0.0696954, 0.975679, -0.20783, -0.403504, -0.218105, -0.888603, -89.5262, 0.112257, -80.4885 )

[node name="tree928" parent="AssetDistributor" instance=ExtResource( 39 )]
transform = Transform( -0.579834, 0.00895876, 0.814686, -0.1027, 0.99116, -0.0839934, -0.808236, -0.13237, -0.573788, 19.0611, 1.03089, -350.2 )

[node name="bush117" parent="AssetDistributor" instance=ExtResource( 4 )]
transform = Transform( -0.806179, 0.143668, 0.573965, 0.0323718, 0.979329, -0.199665, -0.590786, -0.142385, -0.794165, 19.0611, 1.03089, -350.2 )

[node name="tree929" parent="AssetDistributor" instance=ExtResource( 2 )]
transform = Transform( -0.981322, -0.0523768, -0.185105, -0.085644, 0.980553, 0.176582, 0.172257, 0.189136, -0.966724, 228.88, 0.0141392, 109.2 )

[node name="tree930" parent="AssetDistributor" instance=ExtResource( 11 )]
transform = Transform( -0.887001, -0.0644628, -0.457247, -0.139913, 0.981179, 0.133086, 0.440062, 0.182022, -0.879326, 228.88, 0.0141392, 109.2 )

[node name="tree931" parent="AssetDistributor" instance=ExtResource( 39 )]
transform = Transform( 0.701444, -0.131601, -0.70047, -0.044502, 0.972801, -0.227329, 0.711334, 0.190631, 0.676508, 118.443, 0.0450668, -412.46 )

[node name="tree932" parent="AssetDistributor" instance=ExtResource( 20 )]
transform = Transform( 0.146532, 0.0266576, 0.988847, 0.126669, 0.990902, -0.0454834, -0.981062, 0.131921, 0.141822, 118.443, 0.0450668, -412.46 )

[node name="tree933" parent="AssetDistributor" instance=ExtResource( 2 )]
transform = Transform( 0.911885, -0.173145, 0.372138, 0.0993228, 0.972808, 0.209238, -0.398248, -0.153839, 0.904286, 118.443, 0.0450668, -412.46 )

[node name="tree934" parent="AssetDistributor" instance=ExtResource( 33 )]
transform = Transform( 0.326584, -0.060037, 0.943259, 0.025679, 0.998176, 0.0546415, -0.944819, 0.00637692, 0.32753, -134.378, 1.62836, -275.082 )

[node name="bush118" parent="AssetDistributor" instance=ExtResource( 7 )]
transform = Transform( 0.143906, -0.229161, -0.962692, 0.0585064, 0.973086, -0.22289, 0.98786, -0.0242486, 0.15344, -134.378, 1.62836, -275.082 )

[node name="bush119" parent="AssetDistributor" instance=ExtResource( 6 )]
transform = Transform( -0.451102, 0.0495743, 0.891095, -0.0786038, 0.992369, -0.0950004, -0.889004, -0.112898, -0.443763, 133.085, 0.005867, -466.294 )

[node name="tree935" parent="AssetDistributor" instance=ExtResource( 36 )]
transform = Transform( 0.955316, 0.253146, -0.152606, -0.237912, 0.964894, 0.111257, 0.175413, -0.0699789, 0.982005, 465.351, 0.00696945, 244.244 )

[node name="tree936" parent="AssetDistributor" instance=ExtResource( 23 )]
transform = Transform( -0.540297, 0.084113, -0.83726, -0.034321, 0.991961, 0.121802, 0.840774, 0.0945451, -0.533066, 165.945, 0.0460739, 381.108 )

[node name="bush120" parent="AssetDistributor" instance=ExtResource( 4 )]
transform = Transform( 0.963212, -0.126605, 0.237052, 0.180435, 0.958363, -0.221321, -0.199161, 0.255951, 0.945951, -43.5203, 4.56115, -116.149 )

[node name="bush121" parent="AssetDistributor" instance=ExtResource( 6 )]
transform = Transform( 0.741947, 0.206817, -0.637763, -0.0780583, 0.971411, 0.224204, 0.6659, -0.116565, 0.736879, -499.848, 9.53674e-06, 30.7325 )

[node name="tree937" parent="AssetDistributor" instance=ExtResource( 12 )]
transform = Transform( -0.931899, 0.0267395, -0.36173, -0.0434167, 0.981886, 0.184433, 0.360109, 0.187578, -0.913858, -71.6671, 0.133793, 432.508 )

[node name="tree938" parent="AssetDistributor" instance=ExtResource( 23 )]
transform = Transform( 0.520349, -0.199134, -0.830411, -0.0153134, 0.970099, -0.242227, 0.853816, 0.138759, 0.501741, 483.346, 0.00153732, 235.91 )

[node name="tree939" parent="AssetDistributor" instance=ExtResource( 28 )]
transform = Transform( -0.131459, 0.00347665, -0.991315, -0.186118, 0.982125, 0.0281257, 0.973693, 0.188199, -0.128462, 473.402, 0, 369.858 )

[node name="tree940" parent="AssetDistributor" instance=ExtResource( 34 )]
transform = Transform( -0.313158, -0.170307, 0.934306, 0.240768, 0.937412, 0.251573, -0.918675, 0.303733, -0.252553, -496.295, 0, 471.278 )

[node name="tree941" parent="AssetDistributor" instance=ExtResource( 25 )]
transform = Transform( 0.173008, 0.12934, 0.976391, 0.126977, 0.980138, -0.152335, -0.976701, 0.150335, 0.153148, 130.41, 7.73956, -125.542 )

[node name="tree942" parent="AssetDistributor" instance=ExtResource( 23 )]
transform = Transform( -0.315453, -0.0282844, 0.94852, -0.252701, 0.965966, -0.0552373, -0.914676, -0.257117, -0.311865, 131.982, 0.00504112, -452.549 )

[node name="tree943" parent="AssetDistributor" instance=ExtResource( 16 )]
transform = Transform( -0.577694, -0.172649, 0.797786, 0.0259768, 0.972991, 0.229375, -0.81584, 0.153232, -0.557606, 131.982, 0.00504112, -452.549 )

[node name="tree944" parent="AssetDistributor" instance=ExtResource( 28 )]
transform = Transform( 0.697768, 0.0991427, 0.70943, 0.0965014, 0.968337, -0.23024, -0.709794, 0.229115, 0.666107, -429.596, 0.0101318, 360.084 )

[node name="tree945" parent="AssetDistributor" instance=ExtResource( 12 )]
transform = Transform( 0.112132, 0.0279112, -0.993301, 0.0346247, 0.998889, 0.0319769, 0.99309, -0.0379784, 0.111041, 192.364, 0.438177, 63.2055 )

[node name="tree946" parent="AssetDistributor" instance=ExtResource( 25 )]
transform = Transform( 0.549761, -0.280068, -0.786972, 0.121045, 0.958884, -0.256689, 0.826505, 0.0458587, 0.561058, 192.364, 0.438177, 63.2055 )

[node name="tree947" parent="AssetDistributor" instance=ExtResource( 38 )]
transform = Transform( 0.343038, -0.139463, -0.928911, -0.191413, 0.957787, -0.214486, 0.919612, 0.251383, 0.301862, -257.43, 0.130072, 445.368 )

[node name="tree948" parent="AssetDistributor" instance=ExtResource( 12 )]
transform = Transform( -0.742263, -0.0739991, 0.666011, 0.115329, 0.964947, 0.235746, -0.66011, 0.251796, -0.70771, 286.416, 0.0269241, -444.571 )

[node name="tree949" parent="AssetDistributor" instance=ExtResource( 33 )]
transform = Transform( -0.818605, -0.0391347, -0.573022, -0.0635336, 0.997723, 0.0226228, 0.570832, 0.0549253, -0.819228, 497.959, 0, -330.296 )

[node name="tree950" parent="AssetDistributor" instance=ExtResource( 27 )]
transform = Transform( -0.744099, -0.157836, 0.649157, -0.1094, 0.987362, 0.114667, -0.659051, 0.014306, -0.751962, 454.347, 0.00786209, 192.767 )

[node name="tree951" parent="AssetDistributor" instance=ExtResource( 41 )]
transform = Transform( 0.416858, 0.0746029, -0.905905, -0.147815, 0.988924, 0.0134215, 0.896873, 0.128312, 0.423268, -454.855, 0.00425529, 50.8899 )

[node name="bush122" parent="AssetDistributor" instance=ExtResource( 8 )]
transform = Transform( 0.784621, 0.264807, 0.560578, -0.154262, 0.959143, -0.237166, -0.600477, 0.09961, 0.793413, -454.855, 0.00425529, 50.8899 )

[node name="tree952" parent="AssetDistributor" instance=ExtResource( 31 )]
transform = Transform( 0.598189, 0.336062, 0.727483, -0.244909, 0.941049, -0.233337, -0.763013, -0.0385872, 0.64523, 334.108, 3.08125, -294.541 )

[node name="bush123" parent="AssetDistributor" instance=ExtResource( 10 )]
transform = Transform( -0.56705, -0.168959, 0.806168, -0.248437, 0.968238, 0.0281788, -0.785324, -0.184303, -0.591015, -4.92722, 0.00107193, 490.701 )

[node name="tree953" parent="AssetDistributor" instance=ExtResource( 12 )]
